Tiempo;Canal A;Canal B
(ms);(V);(mV)

-0,12374800;4,85183300;-5,84734600
-0,04182800;4,85183300;-4,03149500
0,04009200;4,94003100;-2,21564400
0,12201200;4,94003100;0,50660720
0,20393200;4,94003100;2,32245900
0,28585199;5,02822900;4,13525800
0,36777199;5,02822900;5,95110900
0,44969199;5,02822900;7,76696100
0,53161199;4,94003100;8,67336000
0,61353199;5,02822900;10,48921000
0,69545199;5,11673400;11,39561000
0,77737199;5,11673400;11,39561000
0,85929199;5,11673400;11,39561000
0,94121199;5,11673400;12,30506000
1,02313199;5,11673400;12,30506000
1,10505199;5,11673400;12,30506000
1,18697199;5,11673400;11,39561000
1,26889199;5,11673400;11,39561000
1,35081199;5,11673400;10,48921000
1,43273199;5,20493100;9,58281100
1,51465199;5,20493100;7,76696100
1,59657199;5,20493100;6,85750900
1,67849199;5,29313000;5,95110900
1,76041199;5,29313000;4,13525800
1,84233199;5,29313000;3,22885800
1,92425198;5,29313000;0,50660720
2,00617198;5,29313000;-0,39979250
2,08809198;5,38132900;-3,12509500
2,17001198;5,38132900;-4,03149500
2,25193198;5,38132900;-5,84734600
2,33385198;5,46952700;-5,84734600
2,41577198;5,46952700;-6,75374600
2,49769198;5,46952700;-7,66319800
2,57961198;5,46952700;-8,56959700
2,66153198;5,46952700;-8,56959700
2,74345198;5,46952700;-9,47904900
2,82537198;5,55772600;-10,38545000
2,90729198;5,55772600;-10,38545000
2,98921198;5,55772600;-11,29490000
3,07113198;5,64622900;-11,29490000
3,15305198;5,64622900;-12,20130000
3,23497198;5,64622900;-12,20130000
3,31689198;5,64622900;-12,20130000
3,39881198;5,64622900;-12,20130000
3,48073198;5,73442800;-10,38545000
3,56265197;5,73442800;-9,47904900
3,64457197;5,73442800;-8,56959700
3,72649197;5,73442800;-6,75374600
3,80841197;5,82262600;-4,93789500
3,89033197;5,82262600;-2,21564400
3,97225197;5,82262600;0,50660720
4,05417197;5,82262600;4,13525800
4,13609197;5,82262600;5,95110900
4,21801197;5,91082500;8,67336000
4,29993197;5,91082500;11,39561000
4,38185197;5,91082500;13,21146000
4,46377197;5,91082500;15,02731000
4,54569197;5,91082500;16,84316000
4,62761197;5,99902300;18,65902000
4,70953197;5,99902300;19,56541000
4,79145197;5,99902300;20,47487000
4,87337197;5,99902300;22,29072000
4,95529197;5,99902300;22,29072000
5,03721197;5,99902300;23,19712000
5,11913197;6,08722200;23,19712000
5,20105196;6,08722200;24,10657000
5,28297196;6,08722200;24,10657000
5,36489196;6,17572500;24,10657000
5,44681196;6,17572500;25,01297000
5,52873196;6,17572500;24,10657000
5,61065196;6,17572500;24,10657000
5,69257196;6,17572500;23,19712000
5,77449196;6,17572500;23,19712000
5,85641196;6,26392400;22,29072000
5,93833196;6,26392400;22,29072000
6,02025196;6,26392400;21,38127000
6,10217196;6,26392400;21,38127000
6,18409196;6,35212200;19,56541000
6,26601196;6,35212200;19,56541000
6,34793196;6,35212200;18,65902000
6,42985196;6,35212200;17,75262000
6,51177196;6,44032100;16,84316000
6,59369196;6,44032100;15,93676000
6,67561196;6,44032100;15,02731000
6,75753196;6,52852000;14,12091000
6,83945195;6,52852000;13,21146000
6,92137195;6,52852000;11,39561000
7,00329195;6,52852000;10,48921000
7,08521195;6,52852000;9,58281100
7,16713195;6,52852000;8,67336000
7,24905195;6,61671800;7,76696100
7,33097195;6,61671800;7,76696100
7,41289195;6,61671800;7,76696100
7,49481195;6,61671800;7,76696100
7,57673195;6,61671800;8,67336000
7,65865195;6,70491600;9,58281100
7,74057195;6,70491600;11,39561000
7,82249195;6,70491600;12,30506000
7,90441195;6,70491600;14,12091000
7,98633195;6,79342000;15,02731000
8,06825195;6,79342000;17,75262000
8,15017195;6,70491600;19,56541000
8,23209195;6,79342000;20,47487000
8,31401195;6,88161800;22,29072000
8,39593195;6,88161800;23,19712000
8,47785194;6,88161800;24,10657000
8,55977194;6,88161800;25,91937000
8,64169194;6,88161800;26,82882000
8,72361194;6,88161800;27,73522000
8,80553194;6,96981700;28,64467000
8,88745194;6,96981700;29,55107000
8,96937194;6,96981700;29,55107000
9,05129194;6,96981700;29,55107000
9,13321194;7,05801500;30,46052000
9,21513194;7,05801500;30,46052000
9,29705194;7,05801500;30,46052000
9,37897194;7,14621400;30,46052000
9,46089194;7,14621400;30,46052000
9,54281194;7,05801500;31,36692000
9,62473194;7,05801500;30,46052000
9,70665194;7,14621400;31,36692000
9,78857194;7,23441200;31,36692000
9,87049194;7,23441200;31,36692000
9,95241194;7,23441200;30,46052000
10,03433194;7,23441200;30,46052000
10,11625193;7,23441200;30,46052000
10,19817193;7,23441200;30,46052000
10,28009193;7,32291700;29,55107000
10,36201193;7,32291700;29,55107000
10,44393193;7,32291700;28,64467000
10,52585193;7,41111500;27,73522000
10,60777193;7,41111500;26,82882000
10,68969193;7,41111500;25,91937000
10,77161193;7,49931300;25,01297000
10,85353193;7,49931300;23,19712000
10,93545193;7,49931300;21,38127000
11,01737193;7,58751200;19,56541000
11,09929193;7,49931300;18,65902000
11,18121193;7,58751200;16,84316000
11,26313193;7,58751200;15,02731000
11,34505193;7,58751200;14,12091000
11,42697193;7,58751200;12,30506000
11,50889193;7,58751200;11,39561000
11,59081193;7,58751200;11,39561000
11,67273193;7,67571000;10,48921000
11,75465193;7,67571000;10,48921000
11,83657192;7,67571000;11,39561000
11,91849192;7,67571000;11,39561000
12,00041192;7,76390900;12,30506000
12,08233192;7,76390900;13,21146000
12,16425192;7,76390900;14,12091000
12,24617192;7,76390900;15,02731000
12,32809192;7,76390900;15,02731000
12,41001192;7,85210700;15,02731000
12,49193192;7,85210700;15,93676000
12,57385192;7,85210700;15,02731000
12,65577192;7,94061100;15,02731000
12,73769192;7,94061100;15,02731000
12,81961192;7,94061100;15,02731000
12,90153192;7,94061100;14,12091000
12,98345192;7,94061100;13,21146000
13,06537192;7,94061100;11,39561000
13,14729192;7,94061100;11,39561000
13,22921192;7,94061100;11,39561000
13,31113192;7,94061100;12,30506000
13,39305192;7,94061100;12,30506000
13,47497191;7,94061100;14,12091000
13,55689191;7,94061100;15,02731000
13,63881191;7,94061100;15,02731000
13,72073191;7,85210700;15,93676000
13,80265191;7,85210700;15,93676000
13,88457191;7,76390900;15,02731000
13,96649191;7,76390900;13,21146000
14,04841191;7,67571000;11,39561000
14,13033191;7,67571000;10,48921000
14,21225191;7,67571000;9,58281100
14,29417191;7,58751200;9,58281100
14,37609191;7,58751200;8,67336000
14,45801191;7,58751200;8,67336000
14,53993191;7,58751200;8,67336000
14,62185191;7,58751200;8,67336000
14,70377191;7,49931300;8,67336000
14,78569191;7,49931300;7,76696100
14,86761191;7,49931300;7,76696100
14,94953191;7,49931300;6,85750900
15,03145191;7,49931300;6,85750900
15,11337190;7,49931300;5,95110900
15,19529190;7,41111500;5,95110900
15,27721190;7,41111500;5,04165700
15,35913190;7,41111500;4,13525800
15,44105190;7,41111500;3,22885800
15,52297190;7,41111500;2,32245900
15,60489190;7,32291700;1,41605900
15,68681190;7,32291700;0,50660720
15,76873190;7,32291700;0,50660720
15,85065190;7,23441200;-1,30924400
15,93257190;7,23441200;-2,21564400
16,01449190;7,23441200;-3,12509500
16,09641190;7,23441200;-3,12509500
16,17833190;7,23441200;-4,03149500
16,26025190;7,23441200;-5,84734600
16,34217190;7,05801500;-4,93789500
16,42409190;7,05801500;-5,84734600
16,50601190;7,05801500;-5,84734600
16,58793190;7,05801500;-5,84734600
16,66985190;7,05801500;-6,75374600
16,75177189;6,96981700;-6,75374600
16,83369189;6,96981700;-6,75374600
16,91561189;6,96981700;-6,75374600
16,99753189;6,96981700;-7,66319800
17,07945189;6,96981700;-7,66319800
17,16137189;6,88161800;-8,56959700
17,24329189;6,88161800;-9,47904900
17,32521189;6,88161800;-10,38545000
17,40713189;6,88161800;-11,29490000
17,48905189;6,88161800;-12,20130000
17,57097189;6,88161800;-13,10770000
17,65289189;6,79342000;-14,92355000
17,73481189;6,79342000;-16,73940000
17,81673189;6,79342000;-19,46165000
17,89865189;6,79342000;-21,27750000
17,98057189;6,70491600;-23,09336000
18,06249189;6,70491600;-24,90921000
18,14441189;6,70491600;-27,63146000
18,22633189;6,61671800;-28,54091000
18,30825189;6,61671800;-30,35676000
18,39017188;6,70491600;-31,26316000
18,47209188;6,61671800;-32,17261000
18,55401188;6,61671800;-32,17261000
18,63593188;6,61671800;-32,17261000
18,71785188;6,52852000;-31,26316000
18,79977188;6,52852000;-30,35676000
18,88169188;6,52852000;-28,54091000
18,96361188;6,52852000;-27,63146000
19,04553188;6,52852000;-24,90921000
19,12745188;6,44032100;-24,00281000
19,20937188;6,44032100;-23,09336000
19,29129188;6,44032100;-21,27750000
19,37321188;6,44032100;-20,37111000
19,45513188;6,44032100;-19,46165000
19,53705188;6,35212200;-17,64885000
19,61897188;6,35212200;-15,83300000
19,70089188;6,35212200;-14,92355000
19,78281188;6,35212200;-14,01715000
19,86473188;6,26392400;-13,10770000
19,94665188;6,26392400;-12,20130000
20,02857187;6,26392400;-11,29490000
20,11049187;6,26392400;-10,38545000
20,19241187;6,17572500;-9,47904900
20,27433187;6,17572500;-9,47904900
20,35625187;6,17572500;-8,56959700
20,43817187;6,17572500;-8,56959700
20,52009187;6,17572500;-8,56959700
20,60201187;6,08722200;-8,56959700
20,68393187;6,08722200;-8,56959700
20,76585187;6,08722200;-9,47904900
20,84777187;6,08722200;-10,38545000
20,92969187;6,08722200;-10,38545000
21,01161187;5,99902300;-12,20130000
21,09353187;5,99902300;-13,10770000
21,17545187;5,99902300;-14,01715000
21,25737187;5,99902300;-15,83300000
21,33929187;5,99902300;-16,73940000
21,42121187;5,91082500;-18,55525000
21,50313187;5,91082500;-20,37111000
21,58505187;5,91082500;-22,18696000
21,66697186;5,82262600;-24,90921000
21,74889186;5,82262600;-26,72506000
21,83081186;5,82262600;-29,44731000
21,91273186;5,82262600;-31,26316000
21,99465186;5,73442800;-33,98541000
22,07657186;5,82262600;-35,80126000
22,15849186;5,82262600;-36,71072000
22,24041186;5,73442800;-38,52657000
22,32233186;5,73442800;-38,52657000
22,40425186;5,73442800;-39,43297000
22,48617186;5,64622900;-38,52657000
22,56809186;5,64622900;-37,61712000
22,65001186;5,64622900;-35,80126000
22,73193186;5,64622900;-33,98541000
22,81385186;5,55772600;-32,17261000
22,89577186;5,55772600;-28,54091000
22,97769186;5,55772600;-27,63146000
23,05961186;5,55772600;-24,90921000
23,14153186;5,46952700;-22,18696000
23,22345186;5,46952700;-20,37111000
23,30537185;5,46952700;-18,55525000
23,38729185;5,46952700;-16,73940000
23,46921185;5,46952700;-14,01715000
23,55113185;5,46952700;-13,10770000
23,63305185;5,46952700;-11,29490000
23,71497185;5,38132900;-9,47904900
23,79689185;5,38132900;-7,66319800
23,87881185;5,29313000;-5,84734600
23,96073185;5,29313000;-3,12509500
24,04265185;5,29313000;-1,30924400
24,12457185;5,29313000;0,50660720
24,20649185;5,29313000;1,41605900
24,28841185;5,20493100;3,22885800
24,37033185;5,20493100;4,13525800
24,45225185;5,20493100;5,04165700
24,53417185;5,20493100;5,04165700
24,61609185;5,11673400;5,95110900
24,69801185;5,11673400;5,04165700
24,77993185;5,11673400;4,13525800
24,86185185;5,11673400;4,13525800
24,94377184;5,11673400;1,41605900
25,02569184;5,11673400;0,50660720
25,10761184;5,02822900;-2,21564400
25,18953184;5,02822900;-4,03149500
25,27145184;4,94003100;-6,75374600
25,35337184;5,02822900;-9,47904900
25,43529184;5,02822900;-11,29490000
25,51721184;4,94003100;-13,10770000
25,59913184;4,94003100;-14,92355000
25,68105184;4,94003100;-16,73940000
25,76297184;4,94003100;-18,55525000
25,84489184;4,85183300;-19,46165000
25,92681184;4,94003100;-20,37111000
26,00873184;4,85183300;-22,18696000
26,09065184;4,85183300;-24,00281000
26,17257184;4,85183300;-24,00281000
26,25449184;4,76363400;-24,00281000
26,33641184;4,76363400;-24,90921000
26,41833184;4,76363400;-24,90921000
26,50025184;4,76363400;-24,90921000
26,58217183;4,76363400;-24,00281000
26,66409183;4,76363400;-23,09336000
26,74601183;4,67543600;-21,27750000
26,82793183;4,67543600;-20,37111000
26,90985183;4,67543600;-18,55525000
26,99177183;4,58723700;-16,73940000
27,07369183;4,58723700;-14,92355000
27,15561183;4,58723700;-13,10770000
27,23753183;4,58723700;-12,20130000
27,31945183;4,58723700;-11,29490000
27,40137183;4,49903900;-9,47904900
27,48329183;4,49903900;-8,56959700
27,56521183;4,49903900;-6,75374600
27,64713183;4,41053500;-5,84734600
27,72905183;4,49903900;-4,03149500
27,81097183;4,41053500;-3,12509500
27,89289183;4,41053500;-0,39979250
27,97481183;4,41053500;0,50660720
28,05673183;4,41053500;2,32245900
28,13865183;4,32233700;4,13525800
28,22057182;4,32233700;5,04165700
28,30249182;4,32233700;5,95110900
28,38441182;4,23413800;7,76696100
28,46633182;4,23413800;7,76696100
28,54825182;4,23413800;8,67336000
28,63017182;4,14594000;8,67336000
28,71209182;4,23413800;9,58281100
28,79401182;4,14594000;10,48921000
28,87593182;4,14594000;9,58281100
28,95785182;4,14594000;9,58281100
29,03977182;4,14594000;8,67336000
29,12169182;4,05774100;7,76696100
29,20361182;4,05774100;7,76696100
29,28553182;4,05774100;7,76696100
29,36745182;4,05774100;6,85750900
29,44937182;4,05774100;6,85750900
29,53129182;4,05774100;5,95110900
29,61321182;3,96954300;5,04165700
29,69513182;3,96954300;5,04165700
29,77705182;3,96954300;4,13525800
29,85897181;3,88103900;4,13525800
29,94089181;3,88103900;3,22885800
30,02281181;3,88103900;2,32245900
30,10473181;3,88103900;0,50660720
30,18665181;3,88103900;0,50660720
30,26857181;3,79284000;-1,30924400
30,35049181;3,79284000;-2,21564400
30,43241181;3,79284000;-2,21564400
30,51433181;3,79284000;-3,12509500
30,59625181;3,79284000;-3,12509500
30,67817181;3,70464200;-3,12509500
30,76009181;3,70464200;-3,12509500
30,84201181;3,70464200;-3,12509500
30,92393181;3,70464200;-2,21564400
31,00585181;3,70464200;-2,21564400
31,08777181;3,61644300;-2,21564400
31,16969181;3,61644300;-2,21564400
31,25161181;3,61644300;-2,21564400
31,33353181;3,52824500;-2,21564400
31,41545181;3,52824500;-2,21564400
31,49737181;3,52824500;-3,12509500
31,57929180;3,52824500;-4,03149500
31,66121180;3,52824500;-4,03149500
31,74313180;3,44004600;-3,12509500
31,82505180;3,44004600;-3,12509500
31,90697180;3,35184800;-3,12509500
31,98889180;3,35184800;-2,21564400
32,07081180;3,35184800;-2,21564400
32,15273180;3,35184800;-0,39979250
32,23465180;3,35184800;0,50660720
32,31657180;3,35184800;1,41605900
32,39849180;3,35184800;2,32245900
32,48041180;3,26334400;4,13525800
32,56233180;3,35184800;5,04165700
32,64425180;3,17514600;5,95110900
32,72617180;3,26334400;7,76696100
32,80809180;3,26334400;10,48921000
32,89001180;3,17514600;11,39561000
32,97193180;3,17514600;13,21146000
33,05385180;3,17514600;15,02731000
33,13577180;3,17514600;16,84316000
33,21769179;3,08694700;18,65902000
33,29961179;3,08694700;20,47487000
33,38153179;3,08694700;22,29072000
33,46345179;3,08694700;23,19712000
33,54537179;2,99874900;24,10657000
33,62729179;2,99874900;25,01297000
33,70921179;2,99874900;25,91937000
33,79113179;2,99874900;25,91937000
33,87305179;2,99874900;25,91937000
33,95497179;2,91055000;25,01297000
34,03689179;2,91055000;24,10657000
34,11881179;2,91055000;23,19712000
34,20073179;2,91055000;22,29072000
34,28265179;2,82235200;20,47487000
34,36457179;2,82235200;18,65902000
34,44649179;2,82235200;16,84316000
34,52841179;2,82235200;15,02731000
34,61033179;2,82235200;13,21146000
34,69225179;2,73384800;11,39561000
34,77417179;2,64565000;10,48921000
34,85609178;2,73384800;9,58281100
34,93801178;2,73384800;7,76696100
35,01993178;2,64565000;7,76696100
35,10185178;2,64565000;6,85750900
35,18377178;2,64565000;5,95110900
35,26569178;2,64565000;5,04165700
35,34761178;2,64565000;4,13525800
35,42953178;2,55745100;3,22885800
35,51145178;2,46925300;2,32245900
35,59337178;2,55745100;1,41605900
35,67529178;2,46925300;0,50660720
35,75721178;2,46925300;0,50660720
35,83913178;2,46925300;-1,30924400
35,92105178;2,46925300;-2,21564400
36,00297178;2,46925300;-2,21564400
36,08489178;2,38105400;-2,21564400
36,16681178;2,46925300;-2,21564400
36,24873178;2,38105400;-2,21564400
36,33065178;2,38105400;-1,30924400
36,41257178;2,29285600;-0,39979250
36,49449177;2,38105400;0,50660720
36,57641177;2,29285600;2,32245900
36,65833177;2,29285600;4,13525800
36,74025177;2,29285600;6,85750900
36,82217177;2,29285600;9,58281100
36,90409177;2,20435200;12,30506000
36,98601177;2,20435200;15,93676000
37,06793177;2,20435200;19,56541000
37,14985177;2,20435200;22,29072000
37,23177177;2,20435200;25,91937000
37,31369177;2,11615300;27,73522000
37,39561177;2,11615300;30,46052000
37,47753177;2,11615300;32,27637000
37,55945177;2,11615300;33,18277000
37,64137177;2,02795500;33,18277000
37,72329177;2,02795500;33,18277000
37,80521177;2,02795500;33,18277000
37,88713177;2,02795500;33,18277000
37,96905177;2,02795500;32,27637000
38,05097177;1,93975600;30,46052000
38,13289176;2,02795500;29,55107000
38,21481176;1,93975600;26,82882000
38,29673176;1,93975600;25,91937000
38,37865176;1,93975600;23,19712000
38,46057176;2,02795500;22,29072000
38,54249176;2,02795500;19,56541000
38,62441176;2,02795500;17,75262000
38,70633176;2,02795500;14,12091000
38,78825176;2,11615300;10,48921000
38,87017176;2,11615300;5,04165700
38,95209176;2,20435200;0,50660720
39,03401176;2,29285600;-5,84734600
39,11593176;2,29285600;-10,38545000
39,19785176;2,29285600;-14,01715000
39,27977176;2,38105400;-15,83300000
39,36169176;2,38105400;-17,64885000
39,44361176;2,38105400;-17,64885000
39,52553176;2,38105400;-17,64885000
39,60745176;2,38105400;-17,64885000
39,68937176;2,46925300;-17,64885000
39,77129175;2,46925300;-17,64885000
39,85321175;2,46925300;-17,64885000
39,93513175;2,46925300;-17,64885000
40,01705175;2,46925300;-16,73940000
40,09897175;2,46925300;-15,83300000
40,18089175;2,46925300;-15,83300000
40,26281175;2,46925300;-15,83300000
40,34473175;2,55745100;-14,92355000
40,42665175;2,55745100;-14,92355000
40,50857175;2,55745100;-14,01715000
40,59049175;2,64565000;-14,01715000
40,67241175;2,64565000;-14,01715000
40,75433175;2,64565000;-14,01715000
40,83625175;2,64565000;-14,92355000
40,91817175;2,64565000;-14,01715000
41,00009175;2,64565000;-14,92355000
41,08201175;2,73384800;-15,83300000
41,16393175;2,73384800;-15,83300000
41,24585175;2,82235200;-14,92355000
41,32777175;2,82235200;-13,10770000
41,40969174;2,82235200;-13,10770000
41,49161174;2,82235200;-11,29490000
41,57353174;2,82235200;-10,38545000
41,65545174;2,91055000;-9,47904900
41,73737174;2,91055000;-7,66319800
41,81929174;2,91055000;-6,75374600
41,90121174;2,91055000;-5,84734600
41,98313174;2,99874900;-5,84734600
42,06505174;2,99874900;-4,93789500
42,14697174;2,99874900;-5,84734600
42,22889174;2,99874900;-5,84734600
42,31081174;2,99874900;-5,84734600
42,39273174;2,99874900;-6,75374600
42,47465174;2,99874900;-6,75374600
42,55657174;3,08694700;-7,66319800
42,63849174;3,08694700;-8,56959700
42,72041174;3,08694700;-10,38545000
42,80233174;3,17514600;-10,38545000
42,88425174;3,17514600;-12,20130000
42,96617174;3,17514600;-13,10770000
43,04809173;3,17514600;-14,01715000
43,13001173;3,17514600;-16,73940000
43,21193173;3,26334400;-17,64885000
43,29385173;3,17514600;-19,46165000
43,37577173;3,26334400;-21,27750000
43,45769173;3,26334400;-22,18696000
43,53961173;3,35184800;-23,09336000
43,62153173;3,35184800;-24,90921000
43,70345173;3,35184800;-24,90921000
43,78537173;3,35184800;-26,72506000
43,86729173;3,35184800;-26,72506000
43,94921173;3,44004600;-27,63146000
44,03113173;3,44004600;-26,72506000
44,11305173;3,44004600;-26,72506000
44,19497173;3,52824500;-25,81866000
44,27689173;3,52824500;-25,81866000
44,35881173;3,52824500;-24,90921000
44,44073173;3,61644300;-24,00281000
44,52265173;3,52824500;-23,09336000
44,60457173;3,52824500;-22,18696000
44,68649172;3,61644300;-21,27750000
44,76841172;3,61644300;-20,37111000
44,85033172;3,61644300;-19,46165000
44,93225172;3,70464200;-18,55525000
45,01417172;3,70464200;-18,55525000
45,09609172;3,70464200;-18,55525000
45,17801172;3,70464200;-17,64885000
45,25993172;3,70464200;-17,64885000
45,34185172;3,79284000;-16,73940000
45,42377172;3,79284000;-15,83300000
45,50569172;3,79284000;-14,01715000
45,58761172;3,79284000;-13,10770000
45,66953172;3,88103900;-11,29490000
45,75145172;3,88103900;-9,47904900
45,83337172;3,88103900;-8,56959700
45,91529172;3,88103900;-6,75374600
45,99721172;3,88103900;-5,84734600
46,07913172;3,88103900;-4,93789500
46,16105172;3,96954300;-3,12509500
46,24297172;4,05774100;-3,12509500
46,32489171;3,96954300;-2,21564400
46,40681171;4,05774100;-2,21564400
46,48873171;4,05774100;-1,30924400
46,57065171;4,05774100;-0,39979250
46,65257171;4,05774100;0,50660720
46,73449171;4,05774100;1,41605900
46,81641171;4,05774100;2,32245900
46,89833171;4,14594000;4,13525800
46,98025171;4,14594000;4,13525800
47,06217171;4,14594000;5,04165700
47,14409171;4,23413800;5,04165700
47,22601171;4,23413800;5,04165700
47,30793171;4,23413800;5,04165700
47,38985171;4,23413800;4,13525800
47,47177171;4,23413800;4,13525800
47,55369171;4,23413800;3,22885800
47,63561171;4,32233700;2,32245900
47,71753171;4,32233700;0,50660720
47,79945171;4,32233700;-0,39979250
47,88137171;4,41053500;-1,30924400
47,96329170;4,41053500;-3,12509500
48,04521170;4,41053500;-5,84734600
48,12713170;4,41053500;-6,75374600
48,20905170;4,41053500;-8,56959700
48,29097170;4,49903900;-9,47904900
48,37289170;4,49903900;-10,38545000
48,45481170;4,49903900;-11,29490000
48,53673170;4,49903900;-11,29490000
48,61865170;4,49903900;-12,20130000
48,70057170;4,58723700;-12,20130000
48,78249170;4,58723700;-12,20130000
48,86441170;4,58723700;-12,20130000
48,94633170;4,58723700;-13,10770000
49,02825170;4,58723700;-13,10770000
49,11017170;4,67543600;-13,10770000
49,19209170;4,76363400;-13,10770000
49,27401170;4,76363400;-13,10770000
49,35593170;4,76363400;-13,10770000
49,43785170;4,76363400;-13,10770000
49,51977170;4,76363400;-13,10770000
49,60169169;4,76363400;-11,29490000
49,68361169;4,76363400;-10,38545000
49,76553169;4,85183300;-10,38545000
49,84745169;4,85183300;-8,56959700
49,92937169;4,85183300;-6,75374600
50,01129169;4,85183300;-4,93789500
50,09321169;4,94003100;-3,12509500
50,17513169;4,94003100;-0,39979250
50,25705169;4,94003100;2,32245900
50,33897169;4,94003100;4,13525800
50,42089169;5,02822900;5,95110900
50,50281169;5,02822900;8,67336000
50,58473169;5,02822900;11,39561000
50,66665169;5,02822900;12,30506000
50,74857169;5,11673400;13,21146000
50,83049169;5,11673400;15,02731000
50,91241169;5,11673400;15,93676000
50,99433169;5,11673400;16,84316000
51,07625169;5,11673400;16,84316000
51,15817169;5,11673400;17,75262000
51,24009169;5,11673400;17,75262000
51,32201168;5,11673400;17,75262000
51,40393168;5,20493100;17,75262000
51,48585168;5,20493100;16,84316000
51,56777168;5,20493100;16,84316000
51,64969168;5,20493100;15,02731000
51,73161168;5,20493100;14,12091000
51,81353168;5,29313000;12,30506000
51,89545168;5,29313000;11,39561000
51,97737168;5,29313000;8,67336000
52,05929168;5,29313000;6,85750900
52,14121168;5,38132900;5,04165700
52,22313168;5,38132900;4,13525800
52,30505168;5,38132900;2,32245900
52,38697168;5,46952700;1,41605900
52,46889168;5,46952700;0,50660720
52,55081168;5,46952700;-0,39979250
52,63273168;5,46952700;-1,30924400
52,71465168;5,46952700;-2,21564400
52,79657168;5,46952700;-3,12509500
52,87849168;5,55772600;-4,93789500
52,96041167;5,55772600;-5,84734600
53,04233167;5,55772600;-6,75374600
53,12425167;5,64622900;-8,56959700
53,20617167;5,64622900;-9,47904900
53,28809167;5,64622900;-10,38545000
53,37001167;5,64622900;-11,29490000
53,45193167;5,64622900;-12,20130000
53,53385167;5,73442800;-11,29490000
53,61577167;5,73442800;-11,29490000
53,69769167;5,73442800;-10,38545000
53,77961167;5,73442800;-8,56959700
53,86153167;5,82262600;-6,75374600
53,94345167;5,82262600;-4,93789500
54,02537167;5,82262600;-3,12509500
54,10729167;5,82262600;-0,39979250
54,18921167;5,82262600;1,41605900
54,27113167;5,91082500;3,22885800
54,35305167;5,91082500;5,04165700
54,43497167;5,91082500;6,85750900
54,51689167;5,91082500;7,76696100
54,59881166;5,99902300;9,58281100
54,68073166;5,99902300;11,39561000
54,76265166;5,99902300;12,30506000
54,84457166;5,99902300;14,12091000
54,92649166;5,99902300;15,93676000
55,00841166;5,99902300;15,93676000
55,09033166;6,08722200;16,84316000
55,17225166;6,08722200;18,65902000
55,25417166;6,17572500;18,65902000
55,33609166;6,17572500;19,56541000
55,41801166;6,17572500;20,47487000
55,49993166;6,17572500;20,47487000
55,58185166;6,17572500;21,38127000
55,66377166;6,17572500;22,29072000
55,74569166;6,17572500;22,29072000
55,82761166;6,26392400;22,29072000
55,90953166;6,26392400;22,29072000
55,99145166;6,26392400;22,29072000
56,07337166;6,26392400;21,38127000
56,15529166;6,35212200;21,38127000
56,23721165;6,35212200;20,47487000
56,31913165;6,35212200;20,47487000
56,40105165;6,35212200;19,56541000
56,48297165;6,44032100;19,56541000
56,56489165;6,44032100;18,65902000
56,64681165;6,44032100;18,65902000
56,72873165;6,52852000;16,84316000
56,81065165;6,52852000;15,93676000
56,89257165;6,52852000;15,02731000
56,97449165;6,52852000;13,21146000
57,05641165;6,52852000;12,30506000
57,13833165;6,52852000;11,39561000
57,22025165;6,52852000;9,58281100
57,30217165;6,61671800;7,76696100
57,38409165;6,61671800;7,76696100
57,46601165;6,61671800;7,76696100
57,54793165;6,61671800;6,85750900
57,62985165;6,61671800;7,76696100
57,71177165;6,70491600;7,76696100
57,79369165;6,70491600;7,76696100
57,87561164;6,70491600;8,67336000
57,95753164;6,70491600;8,67336000
58,03945164;6,70491600;10,48921000
58,12137164;6,70491600;10,48921000
58,20329164;6,79342000;11,39561000
58,28521164;6,88161800;12,30506000
58,36713164;6,79342000;13,21146000
58,44905164;6,88161800;13,21146000
58,53097164;6,88161800;14,12091000
58,61289164;6,96981700;15,02731000
58,69481164;6,88161800;15,93676000
58,77673164;6,96981700;17,75262000
58,85865164;6,96981700;18,65902000
58,94057164;6,96981700;20,47487000
59,02249164;6,96981700;21,38127000
59,10441164;7,05801500;22,29072000
59,18633164;7,05801500;24,10657000
59,26825164;7,05801500;25,91937000
59,35017164;7,05801500;26,82882000
59,43209164;7,14621400;27,73522000
59,51401163;7,14621400;29,55107000
59,59593163;7,14621400;30,46052000
59,67785163;7,14621400;31,36692000
59,75977163;7,14621400;32,27637000
59,84169163;7,23441200;33,18277000
59,92361163;7,23441200;33,18277000
60,00553163;7,23441200;34,08918000
60,08745163;7,23441200;34,08918000
60,16937163;7,23441200;34,08918000
60,25129163;7,23441200;34,08918000
60,33321163;7,32291700;34,08918000
60,41513163;7,32291700;34,08918000
60,49705163;7,41111500;34,08918000
60,57897163;7,41111500;34,08918000
60,66089163;7,41111500;33,18277000
60,74281163;7,41111500;33,18277000
60,82473163;7,49931300;32,27637000
60,90665163;7,41111500;30,46052000
60,98857163;7,49931300;29,55107000
61,07049163;7,49931300;27,73522000
61,15241162;7,58751200;25,01297000
61,23433162;7,58751200;23,19712000
61,31625162;7,58751200;21,38127000
61,39817162;7,58751200;19,56541000
61,48009162;7,58751200;17,75262000
61,56201162;7,58751200;15,93676000
61,64393162;7,67571000;15,02731000
61,72585162;7,67571000;14,12091000
61,80777162;7,67571000;13,21146000
61,88969162;7,67571000;12,30506000
61,97161162;7,76390900;12,30506000
62,05353162;7,76390900;12,30506000
62,13545162;7,76390900;12,30506000
62,21737162;7,76390900;11,39561000
62,29929162;7,85210700;11,39561000
62,38121162;7,85210700;11,39561000
62,46313162;7,85210700;10,48921000
62,54505162;7,85210700;9,58281100
62,62697162;7,85210700;8,67336000
62,70889162;7,94061100;8,67336000
62,79081161;7,94061100;7,76696100
62,87273161;7,94061100;7,76696100
62,95465161;7,94061100;6,85750900
63,03657161;7,94061100;5,95110900
63,11849161;7,94061100;5,04165700
63,20041161;7,94061100;5,04165700
63,28233161;7,94061100;5,04165700
63,36425161;7,94061100;5,95110900
63,44617161;7,94061100;6,85750900
63,52809161;7,94061100;7,76696100
63,61001161;7,94061100;8,67336000
63,69193161;7,94061100;11,39561000
63,77385161;7,85210700;12,30506000
63,85577161;7,76390900;14,12091000
63,93769161;7,76390900;15,02731000
64,01961161;7,76390900;15,02731000
64,10153161;7,67571000;15,02731000
64,18345161;7,67571000;15,93676000
64,26537161;7,58751200;16,84316000
64,34729161;7,58751200;16,84316000
64,42921160;7,58751200;18,65902000
64,51113160;7,58751200;18,65902000
64,59305160;7,58751200;18,65902000
64,67497160;7,49931300;18,65902000
64,75689160;7,49931300;17,75262000
64,83881160;7,49931300;16,84316000
64,92073160;7,49931300;15,93676000
65,00265160;7,41111500;15,93676000
65,08457160;7,41111500;15,02731000
65,16649160;7,41111500;14,12091000
65,24841160;7,41111500;12,30506000
65,33033160;7,41111500;11,39561000
65,41225160;7,41111500;10,48921000
65,49417160;7,32291700;8,67336000
65,57609160;7,32291700;7,76696100
65,65801160;7,32291700;5,95110900
65,73993160;7,32291700;3,22885800
65,82185160;7,32291700;1,41605900
65,90377160;7,23441200;-0,39979250
65,98569160;7,23441200;-2,21564400
66,06761159;7,23441200;-4,03149500
66,14953159;7,23441200;-5,84734600
66,23145159;7,14621400;-7,66319800
66,31337159;7,05801500;-9,47904900
66,39529159;7,14621400;-10,38545000
66,47721159;7,05801500;-12,20130000
66,55913159;7,05801500;-13,10770000
66,64105159;7,05801500;-14,92355000
66,72297159;7,05801500;-15,83300000
66,80489159;7,05801500;-16,73940000
66,88681159;6,96981700;-17,64885000
66,96873159;6,96981700;-18,55525000
67,05065159;6,96981700;-19,46165000
67,13257159;6,96981700;-21,27750000
67,21449159;6,88161800;-20,37111000
67,29641159;6,88161800;-21,27750000
67,37833159;6,88161800;-21,27750000
67,46025159;6,88161800;-22,18696000
67,54217159;6,88161800;-23,09336000
67,62409159;6,88161800;-22,18696000
67,70601158;6,79342000;-23,09336000
67,78793158;6,79342000;-23,09336000
67,86985158;6,79342000;-24,00281000
67,95177158;6,70491600;-24,00281000
68,03369158;6,70491600;-24,00281000
68,11561158;6,70491600;-24,90921000
68,19753158;6,70491600;-24,90921000
68,27945158;6,70491600;-24,90921000
68,36137158;6,61671800;-24,90921000
68,44329158;6,61671800;-24,90921000
68,52521158;6,61671800;-24,00281000
68,60713158;6,52852000;-24,00281000
68,68905158;6,52852000;-23,09336000
68,77097158;6,52852000;-21,27750000
68,85289158;6,52852000;-20,37111000
68,93481158;6,52852000;-18,55525000
69,01673158;6,52852000;-17,64885000
69,09865158;6,52852000;-15,83300000
69,18057158;6,44032100;-14,01715000
69,26249158;6,44032100;-13,10770000
69,34441158;6,44032100;-13,10770000
69,42633157;6,35212200;-10,38545000
69,50825157;6,35212200;-10,38545000
69,59017157;6,35212200;-9,47904900
69,67209157;6,35212200;-8,56959700
69,75401157;6,35212200;-8,56959700
69,83593157;6,35212200;-7,66319800
69,91785157;6,35212200;-6,75374600
69,99977157;6,26392400;-6,75374600
70,08169157;6,26392400;-5,84734600
70,16361157;6,17572500;-5,84734600
70,24553157;6,17572500;-5,84734600
70,32745157;6,17572500;-6,75374600
70,40937157;6,17572500;-6,75374600
70,49129157;6,17572500;-8,56959700
70,57321157;6,17572500;-9,47904900
70,65513157;6,08722200;-10,38545000
70,73705157;6,08722200;-13,10770000
70,81897157;5,99902300;-14,92355000
70,90089157;6,08722200;-16,73940000
70,98281157;5,99902300;-19,46165000
71,06473156;5,99902300;-21,27750000
71,14665156;5,99902300;-23,09336000
71,22857156;5,99902300;-26,72506000
71,31049156;5,91082500;-28,54091000
71,39241156;5,91082500;-31,26316000
71,47433156;5,91082500;-33,98541000
71,55625156;5,91082500;-35,80126000
71,63817156;5,82262600;-37,61712000
71,72009156;5,82262600;-39,43297000
71,80201156;5,82262600;-41,24882000
71,88393156;5,82262600;-42,15522000
71,96585156;5,82262600;-43,97107000
72,04777156;5,82262600;-43,97107000
72,12969156;5,82262600;-44,88052000
72,21161156;5,73442800;-44,88052000
72,29353156;5,73442800;-43,97107000
72,37545156;5,73442800;-43,06467000
72,45737156;5,64622900;-41,24882000
72,53929156;5,73442800;-38,52657000
72,62121156;5,64622900;-35,80126000
72,70313155;5,64622900;-32,17261000
72,78505155;5,64622900;-28,54091000
72,86697155;5,64622900;-24,90921000
72,94889155;5,55772600;-21,27750000
73,03081155;5,46952700;-17,64885000
73,11273155;5,55772600;-14,92355000
73,19465155;5,55772600;-11,29490000
73,27657155;5,46952700;-8,56959700
73,35849155;5,46952700;-5,84734600
73,44041155;5,46952700;-3,12509500
73,52233155;5,46952700;0,50660720
73,60425155;5,38132900;2,32245900
73,68617155;5,38132900;4,13525800
73,76809155;5,38132900;7,76696100
73,85001155;5,29313000;9,58281100
73,93193155;5,29313000;11,39561000
74,01385155;5,29313000;14,12091000
74,09577155;5,29313000;15,02731000
74,17769155;5,29313000;15,93676000
74,25961155;5,29313000;15,93676000
74,34153154;5,20493100;15,93676000
74,42345154;5,20493100;15,02731000
74,50537154;5,20493100;13,21146000
74,58729154;5,20493100;11,39561000
74,66921154;5,11673400;8,67336000
74,75113154;5,11673400;5,95110900
74,83305154;5,11673400;2,32245900
74,91497154;5,11673400;-1,30924400
74,99689154;5,11673400;-5,84734600
75,07881154;5,02822900;-10,38545000
75,16073154;5,02822900;-14,01715000
75,24265154;4,94003100;-19,46165000
75,32457154;5,02822900;-24,00281000
75,40649154;5,02822900;-27,63146000
75,48841154;4,94003100;-30,35676000
75,57033154;4,94003100;-33,07901000
75,65225154;4,94003100;-35,80126000
75,73417154;4,94003100;-38,52657000
75,81609154;4,94003100;-39,43297000
75,89801154;4,94003100;-41,24882000
75,97993153;4,85183300;-43,06467000
76,06185153;4,85183300;-43,06467000
76,14377153;4,85183300;-43,06467000
76,22569153;4,85183300;-43,06467000
76,30761153;4,85183300;-43,06467000
76,38953153;4,76363400;-42,15522000
76,47145153;4,76363400;-39,43297000
76,55337153;4,76363400;-36,71072000
76,63529153;4,76363400;-33,07901000
76,71721153;4,67543600;-28,54091000
76,79913153;4,67543600;-24,00281000
76,88105153;4,58723700;-19,46165000
76,96297153;4,58723700;-14,92355000
77,04489153;4,58723700;-9,47904900
77,12681153;4,58723700;-4,93789500
77,20873153;4,58723700;-0,39979250
77,29065153;4,49903900;4,13525800
77,37257153;4,49903900;6,85750900
77,45449153;4,49903900;11,39561000
77,53641153;4,49903900;13,21146000
77,61833152;4,41053500;15,93676000
77,70025152;4,41053500;18,65902000
77,78217152;4,41053500;21,38127000
77,86409152;4,41053500;23,19712000
77,94601152;4,41053500;25,01297000
78,02793152;4,41053500;25,91937000
78,10985152;4,32233700;26,82882000
78,19177152;4,32233700;26,82882000
78,27369152;4,23413800;26,82882000
78,35561152;4,32233700;26,82882000
78,43753152;4,23413800;25,01297000
78,51945152;4,23413800;24,10657000
78,60137152;4,23413800;22,29072000
78,68329152;4,23413800;20,47487000
78,76521152;4,14594000;18,65902000
78,84713152;4,14594000;15,02731000
78,92905152;4,14594000;12,30506000
79,01097152;4,14594000;8,67336000
79,09289152;4,14594000;5,04165700
79,17481152;4,05774100;2,32245900
79,25673151;4,05774100;-1,30924400
79,33865151;4,05774100;-4,03149500
79,42057151;4,05774100;-7,66319800
79,50249151;4,05774100;-10,38545000
79,58441151;4,05774100;-13,10770000
79,66633151;3,96954300;-14,01715000
79,74825151;3,96954300;-16,73940000
79,83017151;3,96954300;-17,64885000
79,91209151;3,88103900;-19,46165000
79,99401151;3,88103900;-21,27750000
80,07593151;3,88103900;-21,27750000
80,15785151;3,88103900;-22,18696000
80,23977151;3,79284000;-23,09336000
80,32169151;3,88103900;-23,09336000
80,40361151;3,79284000;-23,09336000
80,48553151;3,79284000;-22,18696000
80,56745151;3,79284000;-21,27750000
80,64937151;3,70464200;-17,64885000
80,73129151;3,70464200;-16,73940000
80,81321151;3,70464200;-14,01715000
80,89513150;3,70464200;-10,38545000
80,97705150;3,70464200;-8,56959700
81,05897150;3,61644300;-4,93789500
81,14089150;3,52824500;-1,30924400
81,22281150;3,52824500;0,50660720
81,30473150;3,52824500;4,13525800
81,38665150;3,52824500;5,95110900
81,46857150;3,52824500;7,76696100
81,55049150;3,52824500;10,48921000
81,63241150;3,44004600;11,39561000
81,71433150;3,44004600;13,21146000
81,79625150;3,44004600;15,02731000
81,87817150;3,44004600;16,84316000
81,96009150;3,35184800;18,65902000
82,04201150;3,35184800;19,56541000
82,12393150;3,35184800;20,47487000
82,20585150;3,35184800;21,38127000
82,28777150;3,35184800;22,29072000
82,36969150;3,35184800;23,19712000
82,45161150;3,35184800;24,10657000
82,53353149;3,26334400;25,01297000
82,61545149;3,26334400;25,01297000
82,69737149;3,26334400;25,91937000
82,77929149;3,17514600;25,91937000
82,86121149;3,17514600;25,91937000
82,94313149;3,17514600;26,82882000
83,02505149;3,17514600;25,91937000
83,10697149;3,17514600;25,91937000
83,18889149;3,08694700;25,01297000
83,27081149;3,08694700;24,10657000
83,35273149;3,08694700;23,19712000
83,43465149;2,99874900;21,38127000
83,51657149;3,08694700;19,56541000
83,59849149;2,99874900;18,65902000
83,68041149;2,99874900;15,93676000
83,76233149;2,99874900;14,12091000
83,84425149;2,99874900;12,30506000
83,92617149;2,99874900;10,48921000
84,00809149;2,99874900;7,76696100
84,09001149;2,91055000;5,04165700
84,17193148;2,91055000;2,32245900
84,25385148;2,82235200;0,50660720
84,33577148;2,82235200;-2,21564400
84,41769148;2,82235200;-4,93789500
84,49961148;2,82235200;-7,66319800
84,58153148;2,82235200;-9,47904900
84,66345148;2,82235200;-11,29490000
84,74537148;2,82235200;-12,20130000
84,82729148;2,73384800;-14,01715000
84,90921148;2,64565000;-14,01715000
84,99113148;2,73384800;-13,10770000
85,07305148;2,64565000;-13,10770000
85,15497148;2,64565000;-11,29490000
85,23689148;2,64565000;-10,38545000
85,31881148;2,64565000;-9,47904900
85,40073148;2,55745100;-7,66319800
85,48265148;2,55745100;-5,84734600
85,56457148;2,55745100;-4,03149500
85,64649148;2,55745100;-3,12509500
85,72841148;2,46925300;-1,30924400
85,81033147;2,46925300;1,41605900
85,89225147;2,46925300;4,13525800
85,97417147;2,46925300;5,95110900
86,05609147;2,38105400;8,67336000
86,13801147;2,38105400;12,30506000
86,21993147;2,38105400;15,02731000
86,30185147;2,38105400;18,65902000
86,38377147;2,38105400;21,38127000
86,46569147;2,29285600;24,10657000
86,54761147;2,29285600;26,82882000
86,62953147;2,29285600;30,46052000
86,71145147;2,29285600;33,18277000
86,79337147;2,29285600;35,90503000
86,87529147;2,29285600;38,63033000
86,95721147;2,20435200;41,35258000
87,03913147;2,20435200;43,16843000
87,12105147;2,20435200;44,98428000
87,20297147;2,11615300;46,80013000
87,28489147;2,11615300;47,70654000
87,36681147;2,11615300;47,70654000
87,44873146;2,11615300;47,70654000
87,53065146;2,11615300;45,89068000
87,61257146;2,11615300;44,98428000
87,69449146;2,02795500;42,25898000
87,77641146;2,02795500;39,53673000
87,85833146;2,02795500;36,81448000
87,94025146;2,02795500;34,08918000
88,02217146;2,02795500;30,46052000
88,10409146;1,93975600;27,73522000
88,18601146;1,93975600;25,01297000
88,26793146;1,93975600;24,10657000
88,34985146;2,02795500;23,19712000
88,43177146;1,93975600;23,19712000
88,51369146;2,02795500;24,10657000
88,59561146;2,02795500;25,01297000
88,67753146;2,02795500;25,01297000
88,75945146;2,11615300;23,19712000
88,84137146;2,20435200;21,38127000
88,92329146;2,20435200;16,84316000
89,00521146;2,20435200;11,39561000
89,08713146;2,29285600;4,13525800
89,16905145;2,29285600;-3,12509500
89,25097145;2,29285600;-9,47904900
89,33289145;2,38105400;-14,01715000
89,41481145;2,38105400;-16,73940000
89,49673145;2,38105400;-20,37111000
89,57865145;2,38105400;-23,09336000
89,66057145;2,46925300;-24,90921000
89,74249145;2,46925300;-25,81866000
89,82441145;2,46925300;-26,72506000
89,90633145;2,46925300;-27,63146000
89,98825145;2,46925300;-27,63146000
90,07017145;2,46925300;-28,54091000
90,15209145;2,46925300;-28,54091000
90,23401145;2,55745100;-28,54091000
90,31593145;2,46925300;-28,54091000
90,39785145;2,55745100;-29,44731000
90,47977145;2,55745100;-29,44731000
90,56169145;2,55745100;-29,44731000
90,64361145;2,55745100;-30,35676000
90,72553145;2,64565000;-30,35676000
90,80745144;2,64565000;-29,44731000
90,88937144;2,64565000;-29,44731000
90,97129144;2,64565000;-29,44731000
91,05321144;2,73384800;-28,54091000
91,13513144;2,73384800;-26,72506000
91,21705144;2,82235200;-24,90921000
91,29897144;2,82235200;-22,18696000
91,38089144;2,82235200;-19,46165000
91,46281144;2,82235200;-16,73940000
91,54473144;2,82235200;-13,10770000
91,62665144;2,91055000;-10,38545000
91,70857144;2,91055000;-6,75374600
91,79049144;2,91055000;-4,93789500
91,87241144;2,91055000;-3,12509500
91,95433144;2,99874900;0,50660720
92,03625144;2,99874900;1,41605900
92,11817144;2,99874900;3,22885800
92,20009144;2,99874900;4,13525800
92,28201144;2,99874900;4,13525800
92,36393144;2,99874900;5,04165700
92,44585143;2,99874900;5,95110900
92,52777143;3,08694700;5,95110900
92,60969143;3,08694700;6,85750900
92,69161143;3,08694700;6,85750900
92,77353143;3,08694700;5,95110900
92,85545143;3,17514600;5,04165700
92,93737143;3,17514600;4,13525800
93,01929143;3,17514600;3,22885800
93,10121143;3,17514600;1,41605900
93,18313143;3,26334400;-0,39979250
93,26505143;3,26334400;-3,12509500
93,34697143;3,26334400;-5,84734600
93,42889143;3,26334400;-8,56959700
93,51081143;3,35184800;-10,38545000
93,59273143;3,35184800;-14,01715000
93,67465143;3,35184800;-16,73940000
93,75657143;3,35184800;-20,37111000
93,83849143;3,35184800;-21,27750000
93,92041143;3,44004600;-24,90921000
94,00233143;3,44004600;-26,72506000
94,08425142;3,44004600;-29,44731000
94,16617142;3,44004600;-31,26316000
94,24809142;3,44004600;-33,07901000
94,33001142;3,52824500;-33,98541000
94,41193142;3,52824500;-35,80126000
94,49385142;3,52824500;-35,80126000
94,57577142;3,52824500;-36,71072000
94,65769142;3,52824500;-37,61712000
94,73961142;3,61644300;-38,52657000
94,82153142;3,61644300;-38,52657000
94,90345142;3,70464200;-39,43297000
94,98537142;3,61644300;-39,43297000
95,06729142;3,70464200;-40,34242000
95,14921142;3,70464200;-40,34242000
95,23113142;3,70464200;-40,34242000
95,31305142;3,70464200;-40,34242000
95,39497142;3,79284000;-39,43297000
95,47689142;3,79284000;-38,52657000
95,55881142;3,79284000;-35,80126000
95,64073142;3,79284000;-34,89486000
95,72265141;3,88103900;-32,17261000
95,80457141;3,88103900;-28,54091000
95,88649141;3,88103900;-24,90921000
95,96841141;3,88103900;-22,18696000
96,05033141;3,88103900;-19,46165000
96,13225141;3,96954300;-15,83300000
96,21417141;3,96954300;-13,10770000
96,29609141;4,05774100;-10,38545000
96,37801141;4,05774100;-6,75374600
96,45993141;4,05774100;-3,12509500
96,54185141;4,05774100;0,50660720
96,62377141;4,05774100;4,13525800
96,70569141;4,05774100;6,85750900
96,78761141;4,05774100;10,48921000
96,86953141;4,14594000;12,30506000
96,95145141;4,14594000;15,02731000
97,03337141;4,14594000;16,84316000
97,11529141;4,23413800;18,65902000
97,19721141;4,23413800;18,65902000
97,27913141;4,23413800;18,65902000
97,36105140;4,23413800;16,84316000
97,44297140;4,23413800;15,93676000
97,52489140;4,23413800;14,12091000
97,60681140;4,32233700;11,39561000
97,68873140;4,32233700;8,67336000
97,77065140;4,41053500;5,04165700
97,85257140;4,32233700;2,32245900
97,93449140;4,41053500;-1,30924400
98,01641140;4,41053500;-4,93789500
98,09833140;4,41053500;-9,47904900
98,18025140;4,49903900;-12,20130000
98,26217140;4,41053500;-15,83300000
98,34409140;4,49903900;-18,55525000
98,42601140;4,49903900;-21,27750000
98,50793140;4,49903900;-24,00281000
98,58985140;4,58723700;-24,90921000
98,67177140;4,58723700;-27,63146000
98,75369140;4,58723700;-28,54091000
98,83561140;4,58723700;-29,44731000
98,91753140;4,58723700;-30,35676000
98,99945139;4,67543600;-31,26316000
99,08137139;4,67543600;-32,17261000
99,16329139;4,76363400;-32,17261000
99,24521139;4,76363400;-32,17261000
99,32713139;4,76363400;-32,17261000
99,40905139;4,76363400;-32,17261000
99,49097139;4,76363400;-31,26316000
99,57289139;4,76363400;-31,26316000
99,65481139;4,76363400;-29,44731000
99,73673139;4,85183300;-27,63146000
99,81865139;4,85183300;-24,90921000
99,90057139;4,85183300;-21,27750000
99,98249139;4,94003100;-18,55525000
100,06441139;4,94003100;-14,92355000
100,14633139;4,94003100;-11,29490000
100,22825139;4,94003100;-7,66319800
100,31017139;4,94003100;-3,12509500
100,39209139;4,94003100;2,32245900
100,47401139;4,94003100;6,85750900
100,55593139;5,02822900;11,39561000
100,63785138;5,02822900;15,02731000
100,71977138;5,02822900;18,65902000
100,80169138;5,11673400;22,29072000
100,88361138;5,11673400;25,01297000
100,96553138;5,11673400;27,73522000
101,04745138;5,11673400;29,55107000
101,12937138;5,11673400;31,36692000
101,21129138;5,11673400;33,18277000
101,29321138;5,20493100;34,08918000
101,37513138;5,20493100;34,99863000
101,45705138;5,20493100;35,90503000
101,53897138;5,20493100;35,90503000
101,62089138;5,20493100;35,90503000
101,70281138;5,29313000;34,99863000
101,78473138;5,29313000;33,18277000
101,86665138;5,29313000;31,36692000
101,94857138;5,29313000;28,64467000
102,03049138;5,29313000;25,91937000
102,11241138;5,38132900;22,29072000
102,19433138;5,38132900;18,65902000
102,27625137;5,38132900;15,02731000
102,35817137;5,46952700;12,30506000
102,44009137;5,46952700;8,67336000
102,52201137;5,46952700;6,85750900
102,60393137;5,46952700;4,13525800
102,68585137;5,46952700;2,32245900
102,76777137;5,46952700;-0,39979250
102,84969137;5,55772600;-3,12509500
102,93161137;5,55772600;-4,93789500
103,01353137;5,64622900;-7,66319800
103,09545137;5,64622900;-10,38545000
103,17737137;5,64622900;-11,29490000
103,25929137;5,64622900;-14,01715000
103,34121137;5,73442800;-14,92355000
103,42313137;5,64622900;-16,73940000
103,50505137;5,64622900;-16,73940000
103,58697137;5,64622900;-16,73940000
103,66889137;5,73442800;-16,73940000
103,75081137;5,73442800;-14,92355000
103,83273137;5,82262600;-14,01715000
103,91465136;5,82262600;-13,10770000
103,99657136;5,82262600;-10,38545000
104,07849136;5,82262600;-8,56959700
104,16041136;5,82262600;-5,84734600
104,24233136;5,82262600;-3,12509500
104,32425136;5,82262600;0,50660720
104,40617136;5,91082500;3,22885800
104,48809136;5,91082500;6,85750900
104,57001136;5,91082500;10,48921000
104,65193136;5,99902300;13,21146000
104,73385136;5,99902300;17,75262000
104,81577136;5,99902300;20,47487000
104,89769136;5,99902300;24,10657000
104,97961136;5,99902300;27,73522000
105,06153136;6,08722200;31,36692000
105,14345136;6,08722200;34,08918000
105,22537136;6,08722200;36,81448000
105,30729136;6,17572500;38,63033000
105,38921136;6,17572500;41,35258000
105,47113136;6,17572500;42,25898000
105,55305135;6,17572500;44,07483000
105,63497135;6,17572500;44,07483000
105,71689135;6,17572500;44,98428000
105,79881135;6,17572500;44,98428000
105,88073135;6,26392400;44,98428000
105,96265135;6,35212200;44,07483000
106,04457135;6,26392400;43,16843000
106,12649135;6,35212200;41,35258000
106,20841135;6,35212200;40,44313000
106,29033135;6,35212200;38,63033000
106,37225135;6,35212200;36,81448000
106,45417135;6,35212200;34,08918000
106,53609135;6,44032100;32,27637000
106,61801135;6,44032100;29,55107000
106,69993135;6,44032100;25,91937000
106,78185135;6,52852000;23,19712000
106,86377135;6,52852000;19,56541000
106,94569135;6,52852000;15,93676000
107,02761135;6,52852000;13,21146000
107,10953135;6,52852000;10,48921000
107,19145134;6,52852000;7,76696100
107,27337134;6,61671800;5,04165700
107,35529134;6,61671800;2,32245900
107,43721134;6,61671800;1,41605900
107,51913134;6,70491600;-0,39979250
107,60105134;6,61671800;-1,30924400
107,68297134;6,70491600;-3,12509500
107,76489134;6,70491600;-3,12509500
107,84681134;6,70491600;-3,12509500
107,92873134;6,70491600;-3,12509500
108,01065134;6,70491600;-3,12509500
108,09257134;6,70491600;-2,21564400
108,17449134;6,79342000;-2,21564400
108,25641134;6,79342000;-0,39979250
108,33833134;6,88161800;0,50660720
108,42025134;6,88161800;0,50660720
108,50217134;6,88161800;3,22885800
108,58409134;6,88161800;4,13525800
108,66601134;6,88161800;6,85750900
108,74793134;6,88161800;8,67336000
108,82985134;6,96981700;11,39561000
108,91177133;6,96981700;13,21146000
108,99369133;6,96981700;15,93676000
109,07561133;6,96981700;18,65902000
109,15753133;7,05801500;21,38127000
109,23945133;7,05801500;23,19712000
109,32137133;7,05801500;25,91937000
109,40329133;7,14621400;27,73522000
109,48521133;7,05801500;29,55107000
109,56713133;7,05801500;31,36692000
109,64905133;7,14621400;33,18277000
109,73097133;7,14621400;34,08918000
109,81289133;7,23441200;34,99863000
109,89481133;7,23441200;35,90503000
109,97673133;7,23441200;36,81448000
110,05865133;7,23441200;36,81448000
110,14057133;7,23441200;36,81448000
110,22249133;7,23441200;36,81448000
110,30441133;7,32291700;36,81448000
110,38633133;7,32291700;36,81448000
110,46825133;7,32291700;35,90503000
110,55017132;7,41111500;34,99863000
110,63209132;7,41111500;34,08918000
110,71401132;7,41111500;33,18277000
110,79593132;7,41111500;31,36692000
110,87785132;7,41111500;29,55107000
110,95977132;7,49931300;26,82882000
111,04169132;7,49931300;24,10657000
111,12361132;7,49931300;22,29072000
111,20553132;7,58751200;19,56541000
111,28745132;7,58751200;16,84316000
111,36937132;7,58751200;15,02731000
111,45129132;7,58751200;12,30506000
111,53321132;7,58751200;9,58281100
111,61513132;7,67571000;7,76696100
111,69705132;7,67571000;5,04165700
111,77897132;7,67571000;4,13525800
111,86089132;7,67571000;3,22885800
111,94281132;7,76390900;1,41605900
112,02473132;7,67571000;0,50660720
112,10665132;7,76390900;0,50660720
112,18857131;7,76390900;-0,39979250
112,27049131;7,76390900;-1,30924400
112,35241131;7,76390900;-2,21564400
112,43433131;7,85210700;-1,30924400
112,51625131;7,85210700;-2,21564400
112,59817131;7,85210700;-1,30924400
112,68009131;7,94061100;-0,39979250
112,76201131;7,94061100;-1,30924400
112,84393131;7,94061100;-0,39979250
112,92585131;7,94061100;0,50660720
113,00777131;7,94061100;1,41605900
113,08969131;7,94061100;2,32245900
113,17161131;7,94061100;1,41605900
113,25353131;7,94061100;2,32245900
113,33545131;7,94061100;3,22885800
113,41737131;7,94061100;3,22885800
113,49929131;7,94061100;4,13525800
113,58121131;7,94061100;3,22885800
113,66313131;7,85210700;4,13525800
113,74505131;7,94061100;4,13525800
113,82697130;7,76390900;5,04165700
113,90889130;7,76390900;7,76696100
113,99081130;7,76390900;9,58281100
114,07273130;7,67571000;11,39561000
114,15465130;7,67571000;14,12091000
114,23657130;7,67571000;16,84316000
114,31849130;7,67571000;19,56541000
114,40041130;7,58751200;20,47487000
114,48233130;7,58751200;22,29072000
114,56425130;7,58751200;24,10657000
114,64617130;7,49931300;25,91937000
114,72809130;7,49931300;25,91937000
114,81001130;7,49931300;25,91937000
114,89193130;7,49931300;25,91937000
114,97385130;7,49931300;25,91937000
115,05577130;7,49931300;25,91937000
115,13769130;7,49931300;25,91937000
115,21961130;7,41111500;24,10657000
115,30153130;7,41111500;24,10657000
115,38345130;7,41111500;23,19712000
115,46537129;7,41111500;21,38127000
115,54729129;7,32291700;20,47487000
115,62921129;7,32291700;19,56541000
115,71113129;7,32291700;17,75262000
115,79305129;7,32291700;15,02731000
115,87497129;7,23441200;13,21146000
115,95689129;7,23441200;10,48921000
116,03881129;7,23441200;6,85750900
116,12073129;7,23441200;4,13525800
116,20265129;7,14621400;0,50660720
116,28457129;7,14621400;-3,12509500
116,36649129;7,14621400;-6,75374600
116,44841129;7,05801500;-10,38545000
116,53033129;7,05801500;-14,01715000
116,61225129;7,05801500;-16,73940000
116,69417129;7,05801500;-20,37111000
116,77609129;7,05801500;-23,09336000
116,85801129;6,96981700;-25,81866000
116,93993129;6,96981700;-28,54091000
117,02185129;6,96981700;-30,35676000
117,10377128;6,96981700;-32,17261000
117,18569128;6,88161800;-34,89486000
117,26761128;6,88161800;-35,80126000
117,34953128;6,88161800;-36,71072000
117,43145128;6,88161800;-36,71072000
117,51337128;6,88161800;-38,52657000
117,59529128;6,88161800;-37,61712000
117,67721128;6,79342000;-38,52657000
117,75913128;6,79342000;-37,61712000
117,84105128;6,79342000;-36,71072000
117,92297128;6,70491600;-35,80126000
118,00489128;6,79342000;-35,80126000
118,08681128;6,70491600;-34,89486000
118,16873128;6,70491600;-33,07901000
118,25065128;6,70491600;-31,26316000
118,33257128;6,70491600;-29,44731000
118,41449128;6,61671800;-26,72506000
118,49641128;6,61671800;-24,00281000
118,57833128;6,61671800;-21,27750000
118,66025128;6,61671800;-17,64885000
118,74217127;6,52852000;-14,01715000
118,82409127;6,52852000;-10,38545000
118,90601127;6,52852000;-7,66319800
118,98793127;6,52852000;-4,03149500
119,06985127;6,52852000;-0,39979250
119,15177127;6,52852000;1,41605900
119,23369127;6,52852000;3,22885800
119,31561127;6,44032100;5,04165700
119,39753127;6,44032100;5,04165700
119,47945127;6,35212200;6,85750900
119,56137127;6,35212200;6,85750900
119,64329127;6,35212200;6,85750900
119,72521127;6,35212200;6,85750900
119,80713127;6,35212200;5,95110900
119,88905127;6,35212200;5,04165700
119,97097127;6,26392400;4,13525800
120,05289127;6,26392400;2,32245900
120,13481127;6,26392400;0,50660720
120,21673127;6,17572500;-2,21564400
120,29865127;6,17572500;-4,93789500
120,38057126;6,17572500;-7,66319800
120,46249126;6,17572500;-10,38545000
120,54441126;6,17572500;-14,01715000
120,62633126;6,17572500;-17,64885000
120,70825126;6,08722200;-20,37111000
120,79017126;6,08722200;-24,00281000
120,87209126;6,08722200;-27,63146000
120,95401126;5,99902300;-30,35676000
121,03593126;5,99902300;-33,07901000
121,11785126;5,99902300;-35,80126000
121,19977126;5,99902300;-38,52657000
121,28169126;5,99902300;-41,24882000
121,36361126;5,91082500;-43,06467000
121,44553126;5,91082500;-45,78692000
121,52745126;5,91082500;-47,60277000
121,60937126;5,91082500;-48,50917000
121,69129126;5,82262600;-49,41862000
121,77321126;5,82262600;-50,32502000
121,85513126;5,82262600;-50,32502000
121,93705126;5,82262600;-51,23447000
122,01897125;5,82262600;-50,32502000
122,10089125;5,82262600;-49,41862000
122,18281125;5,73442800;-47,60277000
122,26473125;5,73442800;-45,78692000
122,34665125;5,73442800;-43,06467000
122,42857125;5,73442800;-39,43297000
122,51049125;5,64622900;-35,80126000
122,59241125;5,64622900;-31,26316000
122,67433125;5,64622900;-26,72506000
122,75625125;5,64622900;-22,18696000
122,83817125;5,55772600;-18,55525000
122,92009125;5,55772600;-14,01715000
123,00201125;5,55772600;-10,38545000
123,08393125;5,55772600;-5,84734600
123,16585125;5,46952700;-3,12509500
123,24777125;5,46952700;0,50660720
123,32969125;5,46952700;2,32245900
123,41161125;5,46952700;4,13525800
123,49353125;5,46952700;5,95110900
123,57545125;5,38132900;7,76696100
123,65737124;5,38132900;8,67336000
123,73929124;5,38132900;10,48921000
123,82121124;5,29313000;12,30506000
123,90313124;5,38132900;13,21146000
123,98505124;5,29313000;13,21146000
124,06697124;5,29313000;15,02731000
124,14889124;5,29313000;15,02731000
124,23081124;5,20493100;15,02731000
124,31273124;5,20493100;14,12091000
124,39465124;5,20493100;13,21146000
124,47657124;5,20493100;12,30506000
124,55849124;5,11673400;10,48921000
124,64041124;5,20493100;7,76696100
124,72233124;5,11673400;5,04165700
124,80425124;5,11673400;2,32245900
124,88617124;5,11673400;-1,30924400
124,96809124;5,11673400;-5,84734600
125,05001124;5,02822900;-9,47904900
125,13193124;5,02822900;-14,01715000
125,21385124;5,02822900;-18,55525000
125,29577123;4,94003100;-22,18696000
125,37769123;4,94003100;-26,72506000
125,45961123;5,02822900;-30,35676000
125,54153123;4,94003100;-33,07901000
125,62345123;4,94003100;-35,80126000
125,70537123;4,94003100;-37,61712000
125,78729123;4,94003100;-38,52657000
125,86921123;4,94003100;-39,43297000
125,95113123;4,94003100;-41,24882000
126,03305123;4,85183300;-42,15522000
126,11497123;4,85183300;-41,24882000
126,19689123;4,85183300;-41,24882000
126,27881123;4,76363400;-40,34242000
126,36073123;4,76363400;-39,43297000
126,44265123;4,76363400;-37,61712000
126,52457123;4,76363400;-35,80126000
126,60649123;4,67543600;-33,07901000
126,68841123;4,76363400;-30,35676000
126,77033123;4,67543600;-27,63146000
126,85225123;4,67543600;-24,00281000
126,93417123;4,58723700;-20,37111000
127,01609122;4,58723700;-17,64885000
127,09801122;4,58723700;-14,01715000
127,17993122;4,58723700;-11,29490000
127,26185122;4,58723700;-8,56959700
127,34377122;4,49903900;-5,84734600
127,42569122;4,49903900;-2,21564400
127,50761122;4,49903900;0,50660720
127,58953122;4,49903900;3,22885800
127,67145122;4,41053500;6,85750900
127,75337122;4,41053500;9,58281100
127,83529122;4,41053500;13,21146000
127,91721122;4,41053500;16,84316000
127,99913122;4,41053500;19,56541000
128,08105122;4,41053500;22,29072000
128,16297122;4,41053500;25,01297000
128,24489122;4,32233700;27,73522000
128,32681122;4,32233700;29,55107000
128,40873122;4,23413800;31,36692000
128,49065122;4,23413800;33,18277000
128,57257122;4,23413800;33,18277000
128,65449121;4,23413800;33,18277000
128,73641121;4,23413800;32,27637000
128,81833121;4,14594000;30,46052000
128,90025121;4,14594000;28,64467000
128,98217121;4,14594000;25,91937000
129,06409121;4,05774100;22,29072000
129,14601121;4,05774100;19,56541000
129,22793121;4,05774100;15,02731000
129,30985121;4,05774100;11,39561000
129,39177121;4,05774100;5,95110900
129,47369121;4,05774100;2,32245900
129,55561121;4,05774100;-2,21564400
129,63753121;4,05774100;-5,84734600
129,71945121;3,96954300;-10,38545000
129,80137121;3,96954300;-13,10770000
129,88329121;3,88103900;-15,83300000
129,96521121;3,88103900;-18,55525000
130,04713121;3,88103900;-21,27750000
130,12905121;3,88103900;-24,00281000
130,21097121;3,88103900;-24,90921000
130,29289120;3,88103900;-27,63146000
130,37481120;3,79284000;-28,54091000
130,45673120;3,79284000;-28,54091000
130,53865120;3,70464200;-29,44731000
130,62057120;3,70464200;-28,54091000
130,70249120;3,79284000;-28,54091000
130,78441120;3,70464200;-26,72506000
130,86633120;3,70464200;-24,90921000
130,94825120;3,70464200;-23,09336000
131,03017120;3,61644300;-20,37111000
131,11209120;3,61644300;-17,64885000
131,19401120;3,61644300;-15,83300000
131,27593120;3,61644300;-13,10770000
131,35785120;3,52824500;-10,38545000
131,43977120;3,52824500;-8,56959700
131,52169120;3,52824500;-4,93789500
131,60361120;3,52824500;-2,21564400
131,68553120;3,52824500;1,41605900
131,76745120;3,44004600;5,04165700
131,84937120;3,44004600;8,67336000
131,93129119;3,44004600;12,30506000
132,01321119;3,35184800;15,02731000
132,09513119;3,35184800;19,56541000
132,17705119;3,35184800;22,29072000
132,25897119;3,35184800;25,91937000
132,34089119;3,35184800;29,55107000
132,42281119;3,35184800;32,27637000
132,50473119;3,26334400;34,99863000
132,58665119;3,26334400;36,81448000
132,66857119;3,26334400;40,44313000
132,75049119;3,17514600;41,35258000
132,83241119;3,17514600;42,25898000
132,91433119;3,17514600;44,07483000
132,99625119;3,17514600;43,16843000
133,07817119;3,17514600;43,16843000
133,16009119;3,17514600;40,44313000
133,24201119;3,08694700;38,63033000
133,32393119;3,08694700;35,90503000
133,40585119;3,08694700;33,18277000
133,48777119;3,08694700;29,55107000
133,56969118;2,99874900;25,91937000
133,65161118;2,99874900;22,29072000
133,73353118;2,99874900;18,65902000
133,81545118;2,99874900;15,02731000
133,89737118;2,99874900;11,39561000
133,97929118;2,99874900;7,76696100
134,06121118;2,91055000;5,04165700
134,14313118;2,91055000;1,41605900
134,22505118;2,82235200;-1,30924400
134,30697118;2,82235200;-4,03149500
134,38889118;2,82235200;-6,75374600
134,47081118;2,82235200;-9,47904900
134,55273118;2,82235200;-10,38545000
134,63465118;2,73384800;-13,10770000
134,71657118;2,73384800;-14,01715000
134,79849118;2,64565000;-14,92355000
134,88041118;2,73384800;-14,92355000
134,96233118;2,73384800;-14,92355000
135,04425118;2,64565000;-15,83300000
135,12617118;2,64565000;-14,01715000
135,20809117;2,64565000;-14,01715000
135,29001117;2,64565000;-14,01715000
135,37193117;2,64565000;-13,10770000
135,45385117;2,55745100;-12,20130000
135,53577117;2,55745100;-10,38545000
135,61769117;2,55745100;-10,38545000
135,69961117;2,55745100;-9,47904900
135,78153117;2,46925300;-7,66319800
135,86345117;2,46925300;-5,84734600
135,94537117;2,46925300;-4,03149500
136,02729117;2,46925300;-0,39979250
136,10921117;2,46925300;2,32245900
136,19113117;2,38105400;5,95110900
136,27305117;2,38105400;8,67336000
136,35497117;2,38105400;12,30506000
136,43689117;2,38105400;15,93676000
136,51881117;2,38105400;19,56541000
136,60073117;2,29285600;24,10657000
136,68265117;2,29285600;28,64467000
136,76457117;2,29285600;31,36692000
136,84649116;2,29285600;34,99863000
136,92841116;2,29285600;37,72087000
137,01033116;2,20435200;41,35258000
137,09225116;2,20435200;44,07483000
137,17417116;2,20435200;45,89068000
137,25609116;2,11615300;46,80013000
137,33801116;2,11615300;47,70654000
137,41993116;2,11615300;47,70654000
137,50185116;2,11615300;46,80013000
137,58377116;2,02795500;45,89068000
137,66569116;2,11615300;44,07483000
137,74761116;2,02795500;42,25898000
137,82953116;2,02795500;40,44313000
137,91145116;2,02795500;37,72087000
137,99337116;1,93975600;34,99863000
138,07529116;2,02795500;33,18277000
138,15721116;1,93975600;31,36692000
138,23913116;1,93975600;29,55107000
138,32105116;1,93975600;28,64467000
138,40297116;1,93975600;27,73522000
138,48489115;2,02795500;26,82882000
138,56681115;2,02795500;26,82882000
138,64873115;2,02795500;25,91937000
138,73065115;2,11615300;23,19712000
138,81257115;2,11615300;18,65902000
138,89449115;2,20435200;12,30506000
138,97641115;2,20435200;4,13525800
139,05833115;2,20435200;-4,93789500
139,14025115;2,29285600;-14,01715000
139,22217115;2,29285600;-23,09336000
139,30409115;2,29285600;-31,26316000
139,38601115;2,38105400;-36,71072000
139,46793115;2,38105400;-41,24882000
139,54985115;2,38105400;-43,06467000
139,63177115;2,46925300;-45,78692000
139,71369115;2,46925300;-46,69637000
139,79561115;2,46925300;-47,60277000
139,87753115;2,46925300;-47,60277000
139,95945115;2,46925300;-47,60277000
140,04137115;2,46925300;-47,60277000
140,12329114;2,46925300;-46,69637000
140,20521114;2,46925300;-46,69637000
140,28713114;2,46925300;-46,69637000
140,36905114;2,46925300;-45,78692000
140,45097114;2,55745100;-44,88052000
140,53289114;2,55745100;-43,97107000
140,61481114;2,55745100;-43,06467000
140,69673114;2,64565000;-41,24882000
140,77865114;2,64565000;-39,43297000
140,86057114;2,64565000;-38,52657000
140,94249114;2,64565000;-36,71072000
141,02441114;2,64565000;-33,98541000
141,10633114;2,64565000;-31,26316000
141,18825114;2,82235200;-27,63146000
141,27017114;2,73384800;-24,00281000
141,35209114;2,82235200;-19,46165000
141,43401114;2,82235200;-14,92355000
141,51593114;2,82235200;-10,38545000
141,59785114;2,82235200;-5,84734600
141,67977114;2,82235200;-1,30924400
141,76169113;2,82235200;2,32245900
141,84361113;2,91055000;5,04165700
141,92553113;2,91055000;9,58281100
142,00745113;2,99874900;12,30506000
142,08937113;2,99874900;14,12091000
142,17129113;2,99874900;16,84316000
142,25321113;2,99874900;18,65902000
142,33513113;2,99874900;20,47487000
142,41705113;3,08694700;22,29072000
142,49897113;2,99874900;22,29072000
142,58089113;3,08694700;23,19712000
142,66281113;3,08694700;24,10657000
142,74473113;3,08694700;24,10657000
142,82665113;3,17514600;23,19712000
142,90857113;3,17514600;22,29072000
142,99049113;3,17514600;20,47487000
143,07241113;3,17514600;18,65902000
143,15433113;3,17514600;15,02731000
143,23625113;3,17514600;11,39561000
143,31817113;3,26334400;6,85750900
143,40009112;3,35184800;2,32245900
143,48201112;3,26334400;-2,21564400
143,56393112;3,26334400;-7,66319800
143,64585112;3,35184800;-13,10770000
143,72777112;3,35184800;-16,73940000
143,80969112;3,35184800;-21,27750000
143,89161112;3,35184800;-26,72506000
143,97353112;3,35184800;-30,35676000
144,05545112;3,44004600;-33,98541000
144,13737112;3,44004600;-37,61712000
144,21929112;3,52824500;-39,43297000
144,30121112;3,52824500;-42,15522000
144,38313112;3,52824500;-43,06467000
144,46505112;3,52824500;-44,88052000
144,54697112;3,52824500;-44,88052000
144,62889112;3,52824500;-44,88052000
144,71081112;3,61644300;-44,88052000
144,79273112;3,61644300;-43,06467000
144,87465112;3,61644300;-43,06467000
144,95657112;3,70464200;-43,06467000
145,03849111;3,70464200;-41,24882000
145,12041111;3,70464200;-39,43297000
145,20233111;3,70464200;-38,52657000
145,28425111;3,70464200;-35,80126000
145,36617111;3,70464200;-33,98541000
145,44809111;3,79284000;-30,35676000
145,53001111;3,79284000;-26,72506000
145,61193111;3,79284000;-23,09336000
145,69385111;3,79284000;-18,55525000
145,77577111;3,88103900;-14,92355000
145,85769111;3,88103900;-11,29490000
145,93961111;3,88103900;-7,66319800
146,02153111;3,88103900;-3,12509500
146,10345111;3,88103900;0,50660720
146,18537111;3,96954300;4,13525800
146,26729111;3,96954300;6,85750900
146,34921111;3,96954300;11,39561000
146,43113111;4,05774100;14,12091000
146,51305111;4,05774100;16,84316000
146,59497111;4,05774100;20,47487000
146,67689111;4,05774100;23,19712000
146,75881110;4,05774100;25,91937000
146,84073110;4,05774100;28,64467000
146,92265110;4,14594000;30,46052000
147,00457110;4,14594000;31,36692000
147,08649110;4,14594000;33,18277000
147,16841110;4,14594000;32,27637000
147,25033110;4,23413800;30,46052000
147,33225110;4,23413800;29,55107000
147,41417110;4,23413800;25,91937000
147,49609110;4,23413800;23,19712000
147,57801110;4,23413800;18,65902000
147,65993110;4,32233700;15,02731000
147,74185110;4,41053500;10,48921000
147,82377110;4,32233700;5,04165700
147,90569110;4,32233700;0,50660720
147,98761110;4,41053500;-4,93789500
148,06953110;4,41053500;-10,38545000
148,15145110;4,41053500;-14,92355000
148,23337110;4,41053500;-20,37111000
148,31529110;4,49903900;-24,00281000
148,39721109;4,49903900;-27,63146000
148,47913109;4,49903900;-32,17261000
148,56105109;4,49903900;-34,89486000
148,64297109;4,58723700;-36,71072000
148,72489109;4,58723700;-38,52657000
148,80681109;4,58723700;-39,43297000
148,88873109;4,58723700;-41,24882000
148,97065109;4,58723700;-42,15522000
149,05257109;4,67543600;-43,06467000
149,13449109;4,67543600;-43,06467000
149,21641109;4,76363400;-43,06467000
149,29833109;4,76363400;-43,06467000
149,38025109;4,76363400;-42,15522000
149,46217109;4,76363400;-41,24882000
149,54409109;4,76363400;-39,43297000
149,62601109;4,85183300;-38,52657000
149,70793109;4,76363400;-35,80126000
149,78985109;4,85183300;-33,07901000
149,87177109;4,85183300;-30,35676000
149,95369109;4,85183300;-26,72506000
150,03561108;4,85183300;-22,18696000
150,11753108;4,94003100;-17,64885000
150,19945108;4,94003100;-13,10770000
150,28137108;4,94003100;-7,66319800
150,36329108;4,94003100;-2,21564400
150,44521108;4,94003100;3,22885800
150,52713108;4,94003100;8,67336000
150,60905108;5,02822900;15,02731000
150,69097108;5,02822900;19,56541000
150,77289108;5,11673400;24,10657000
150,85481108;5,11673400;27,73522000
150,93673108;5,11673400;31,36692000
151,01865108;5,11673400;34,08918000
151,10057108;5,11673400;35,90503000
151,18249108;5,11673400;38,63033000
151,26441108;5,11673400;40,44313000
151,34633108;5,11673400;41,35258000
151,42825108;5,20493100;42,25898000
151,51017108;5,20493100;43,16843000
151,59209108;5,20493100;42,25898000
151,67401107;5,20493100;41,35258000
151,75593107;5,29313000;39,53673000
151,83785107;5,20493100;36,81448000
151,91977107;5,29313000;33,18277000
152,00169107;5,29313000;29,55107000
152,08361107;5,38132900;25,01297000
152,16553107;5,38132900;20,47487000
152,24745107;5,38132900;15,93676000
152,32937107;5,46952700;11,39561000
152,41129107;5,46952700;7,76696100
152,49321107;5,46952700;4,13525800
152,57513107;5,46952700;0,50660720
152,65705107;5,46952700;-3,12509500
152,73897107;5,46952700;-5,84734600
152,82089107;5,46952700;-9,47904900
152,90281107;5,46952700;-11,29490000
152,98473107;5,55772600;-14,92355000
153,06665107;5,64622900;-17,64885000
153,14857107;5,64622900;-20,37111000
153,23049107;5,64622900;-22,18696000
153,31241106;5,64622900;-24,00281000
153,39433106;5,64622900;-24,90921000
153,47625106;5,64622900;-26,72506000
153,55817106;5,73442800;-26,72506000
153,64009106;5,73442800;-26,72506000
153,72201106;5,73442800;-26,72506000
153,80393106;5,73442800;-24,90921000
153,88585106;5,82262600;-24,00281000
153,96777106;5,82262600;-21,27750000
154,04969106;5,82262600;-18,55525000
154,13161106;5,82262600;-15,83300000
154,21353106;5,82262600;-13,10770000
154,29545106;5,82262600;-9,47904900
154,37737106;5,91082500;-4,93789500
154,45929106;5,91082500;-1,30924400
154,54121106;5,99902300;4,13525800
154,62313106;5,91082500;7,76696100
154,70505106;5,99902300;13,21146000
154,78697106;5,99902300;18,65902000
154,86889106;5,99902300;23,19712000
154,95081105;5,99902300;28,64467000
155,03273105;6,08722200;33,18277000
155,11465105;6,08722200;36,81448000
155,19657105;6,08722200;40,44313000
155,27849105;6,08722200;44,07483000
155,36041105;6,17572500;45,89068000
155,44233105;6,17572500;48,61293000
155,52425105;6,17572500;49,52238000
155,60617105;6,17572500;51,33824000
155,68809105;6,17572500;51,33824000
155,77001105;6,17572500;51,33824000
155,85193105;6,26392400;51,33824000
155,93385105;6,26392400;50,42879000
156,01577105;6,35212200;48,61293000
156,09769105;6,26392400;46,80013000
156,17961105;6,35212200;44,98428000
156,26153105;6,35212200;43,16843000
156,34345105;6,35212200;40,44313000
156,42537105;6,35212200;36,81448000
156,50729105;6,35212200;34,08918000
156,58921104;6,44032100;31,36692000
156,67113104;6,44032100;28,64467000
156,75305104;6,52852000;23,19712000
156,83497104;6,52852000;19,56541000
156,91689104;6,52852000;15,93676000
156,99881104;6,52852000;13,21146000
157,08073104;6,52852000;9,58281100
157,16265104;6,61671800;5,95110900
157,24457104;6,61671800;4,13525800
157,32649104;6,61671800;1,41605900
157,40841104;6,61671800;-0,39979250
157,49033104;6,61671800;-3,12509500
157,57225104;6,61671800;-4,03149500
157,65417104;6,61671800;-4,93789500
157,73609104;6,70491600;-6,75374600
157,81801104;6,70491600;-6,75374600
157,89993104;6,70491600;-5,84734600
157,98185104;6,79342000;-6,75374600
158,06377104;6,79342000;-5,84734600
158,14569104;6,79342000;-5,84734600
158,22761103;6,79342000;-4,93789500
158,30953103;6,79342000;-3,12509500
158,39145103;6,88161800;-2,21564400
158,47337103;6,88161800;0,50660720
158,55529103;6,88161800;2,32245900
158,63721103;6,88161800;4,13525800
158,71913103;6,88161800;6,85750900
158,80105103;6,96981700;11,39561000
158,88297103;6,96981700;14,12091000
158,96489103;6,96981700;18,65902000
159,04681103;7,05801500;21,38127000
159,12873103;6,96981700;25,01297000
159,21065103;7,05801500;28,64467000
159,29257103;7,05801500;31,36692000
159,37449103;7,05801500;33,18277000
159,45641103;7,05801500;35,90503000
159,53833103;7,14621400;37,72087000
159,62025103;7,14621400;40,44313000
159,70217103;7,23441200;42,25898000
159,78409103;7,23441200;43,16843000
159,86601102;7,23441200;44,07483000
159,94793102;7,23441200;44,98428000
160,02985102;7,23441200;45,89068000
160,11177102;7,23441200;45,89068000
160,19369102;7,23441200;45,89068000
160,27561102;7,23441200;44,98428000
160,35753102;7,23441200;44,07483000
160,43945102;7,32291700;44,07483000
160,52137102;7,32291700;42,25898000
160,60329102;7,41111500;40,44313000
160,68521102;7,41111500;38,63033000
160,76713102;7,41111500;36,81448000
160,84905102;7,41111500;34,99863000
160,93097102;7,41111500;32,27637000
161,01289102;7,49931300;29,55107000
161,09481102;7,49931300;25,91937000
161,17673102;7,49931300;23,19712000
161,25865102;7,49931300;19,56541000
161,34057102;7,58751200;16,84316000
161,42249102;7,58751200;13,21146000
161,50441101;7,67571000;10,48921000
161,58633101;7,67571000;7,76696100
161,66825101;7,67571000;5,04165700
161,75017101;7,67571000;2,32245900
161,83209101;7,67571000;0,50660720
161,91401101;7,76390900;-1,30924400
161,99593101;7,76390900;-3,12509500
162,07785101;7,76390900;-4,03149500
162,15977101;7,76390900;-5,84734600
162,24169101;7,76390900;-6,75374600
162,32361101;7,76390900;-7,66319800
162,40553101;7,85210700;-7,66319800
162,48745101;7,85210700;-8,56959700
162,56937101;7,85210700;-8,56959700
162,65129101;7,94061100;-8,56959700
162,73321101;7,94061100;-7,66319800
162,81513101;7,94061100;-6,75374600
162,89705101;7,94061100;-5,84734600
162,97897101;7,94061100;-4,93789500
163,06089101;7,94061100;-3,12509500
163,14281100;7,94061100;-2,21564400
163,22473100;8,02881000;-1,30924400
163,30665100;7,94061100;-0,39979250
163,38857100;7,94061100;-1,30924400
163,47049100;7,94061100;-1,30924400
163,55241100;7,94061100;-1,30924400
163,63433100;7,94061100;-1,30924400
163,71625100;7,94061100;-0,39979250
163,79817100;7,85210700;0,50660720
163,88009100;7,85210700;4,13525800
163,96201100;7,76390900;5,95110900
164,04393100;7,76390900;11,39561000
164,12585100;7,67571000;15,02731000
164,20777100;7,58751200;19,56541000
164,28969100;7,58751200;23,19712000
164,37161100;7,58751200;26,82882000
164,45353100;7,58751200;29,55107000
164,53545100;7,49931300;31,36692000
164,61737100;7,58751200;33,18277000
164,69929100;7,49931300;34,08918000
164,78121099;7,49931300;34,08918000
164,86313099;7,49931300;34,08918000
164,94505099;7,49931300;33,18277000
165,02697099;7,49931300;33,18277000
165,10889099;7,49931300;32,27637000
165,19081099;7,41111500;32,27637000
165,27273099;7,41111500;30,46052000
165,35465099;7,41111500;29,55107000
165,43657099;7,32291700;28,64467000
165,51849099;7,32291700;26,82882000
165,60041099;7,41111500;25,91937000
165,68233099;7,23441200;23,19712000
165,76425099;7,32291700;20,47487000
165,84617099;7,32291700;18,65902000
165,92809099;7,23441200;15,02731000
166,01001099;7,23441200;11,39561000
166,09193099;7,23441200;6,85750900
166,17385099;7,23441200;3,22885800
166,25577099;7,14621400;-1,30924400
166,33769099;7,14621400;-6,75374600
166,41961099;7,05801500;-11,29490000
166,50153098;7,05801500;-15,83300000
166,58345098;7,05801500;-20,37111000
166,66537098;7,05801500;-24,00281000
166,74729098;6,96981700;-27,63146000
166,82921098;7,05801500;-31,26316000
166,91113098;6,96981700;-34,89486000
166,99305098;6,96981700;-37,61712000
167,07497098;6,96981700;-39,43297000
167,15689098;6,96981700;-42,15522000
167,23881098;6,96981700;-43,97107000
167,32073098;6,88161800;-44,88052000
167,40265098;6,88161800;-45,78692000
167,48457098;6,88161800;-45,78692000
167,56649098;6,88161800;-45,78692000
167,64841098;6,79342000;-44,88052000
167,73033098;6,79342000;-43,06467000
167,81225098;6,79342000;-42,15522000
167,89417098;6,70491600;-40,34242000
167,97609098;6,70491600;-38,52657000
168,05801098;6,70491600;-35,80126000
168,13993097;6,70491600;-33,98541000
168,22185097;6,70491600;-31,26316000
168,30377097;6,61671800;-28,54091000
168,38569097;6,70491600;-24,90921000
168,46761097;6,61671800;-22,18696000
168,54953097;6,61671800;-18,55525000
168,63145097;6,61671800;-14,92355000
168,71337097;6,61671800;-12,20130000
168,79529097;6,52852000;-8,56959700
168,87721097;6,52852000;-4,93789500
168,95913097;6,52852000;-2,21564400
169,04105097;6,52852000;0,50660720
169,12297097;6,52852000;4,13525800
169,20489097;6,44032100;5,95110900
169,28681097;6,52852000;7,76696100
169,36873097;6,35212200;8,67336000
169,45065097;6,44032100;10,48921000
169,53257097;6,35212200;11,39561000
169,61449097;6,35212200;12,30506000
169,69641097;6,35212200;12,30506000
169,77833096;6,35212200;11,39561000
169,86025096;6,35212200;11,39561000
169,94217096;6,26392400;10,48921000
170,02409096;6,26392400;9,58281100
170,10601096;6,26392400;7,76696100
170,18793096;6,26392400;5,04165700
170,26985096;6,17572500;2,32245900
170,35177096;6,17572500;-0,39979250
170,43369096;6,17572500;-4,93789500
170,51561096;6,17572500;-8,56959700
170,59753096;6,17572500;-13,10770000
170,67945096;6,08722200;-17,64885000
170,76137096;6,08722200;-22,18696000
170,84329096;6,08722200;-27,63146000
170,92521096;6,08722200;-31,26316000
171,00713096;6,08722200;-35,80126000
171,08905096;5,99902300;-39,43297000
171,17097096;5,99902300;-43,06467000
171,25289096;5,99902300;-45,78692000
171,33481096;5,91082500;-49,41862000
171,41673095;5,91082500;-52,14087000
171,49865095;5,91082500;-53,05032000
171,58057095;5,91082500;-54,86618000
171,66249095;5,82262600;-55,77258000
171,74441095;5,91082500;-55,77258000
171,82633095;5,82262600;-55,77258000
171,90825095;5,82262600;-56,67897000
171,99017095;5,82262600;-54,86618000
172,07209095;5,82262600;-53,95673000
172,15401095;5,82262600;-52,14087000
172,23593095;5,73442800;-50,32502000
172,31785095;5,73442800;-46,69637000
172,39977095;5,73442800;-43,97107000
172,48169095;5,73442800;-41,24882000
172,56361095;5,64622900;-37,61712000
172,64553095;5,64622900;-33,98541000
172,72745095;5,64622900;-28,54091000
172,80937095;5,64622900;-24,00281000
172,89129095;5,55772600;-20,37111000
172,97321095;5,55772600;-15,83300000
173,05513094;5,55772600;-11,29490000
173,13705094;5,46952700;-7,66319800
173,21897094;5,46952700;-3,12509500
173,30089094;5,46952700;0,50660720
173,38281094;5,46952700;4,13525800
173,46473094;5,46952700;5,95110900
173,54665094;5,46952700;8,67336000
173,62857094;5,46952700;12,30506000
173,71049094;5,38132900;15,02731000
173,79241094;5,38132900;17,75262000
173,87433094;5,38132900;19,56541000
173,95625094;5,29313000;21,38127000
174,03817094;5,29313000;23,19712000
174,12009094;5,29313000;24,10657000
174,20201094;5,29313000;24,10657000
174,28393094;5,29313000;24,10657000
174,36585094;5,20493100;22,29072000
174,44777094;5,20493100;22,29072000
174,52969094;5,20493100;19,56541000
174,61161094;5,20493100;16,84316000
174,69353093;5,11673400;13,21146000
174,77545093;5,11673400;8,67336000
174,85737093;5,11673400;5,04165700
174,93929093;5,11673400;0,50660720
175,02121093;5,11673400;-4,93789500
175,10313093;5,11673400;-10,38545000
175,18505093;5,02822900;-14,92355000
175,26697093;5,02822900;-20,37111000
175,34889093;5,02822900;-24,90921000
175,43081093;4,94003100;-29,44731000
175,51273093;4,94003100;-32,17261000
175,59465093;4,94003100;-35,80126000
175,67657093;4,94003100;-37,61712000
175,75849093;4,94003100;-39,43297000
175,84041093;4,94003100;-41,24882000
175,92233093;4,85183300;-42,15522000
176,00425093;4,85183300;-43,06467000
176,08617093;4,85183300;-43,97107000
176,16809093;4,85183300;-43,97107000
176,25001093;4,85183300;-44,88052000
176,33193092;4,85183300;-43,97107000
176,41385092;4,76363400;-44,88052000
176,49577092;4,76363400;-43,06467000
176,57769092;4,76363400;-42,15522000
176,65961092;4,76363400;-39,43297000
176,74153092;4,76363400;-37,61712000
176,82345092;4,67543600;-34,89486000
176,90537092;4,67543600;-32,17261000
176,98729092;4,58723700;-28,54091000
177,06921092;4,58723700;-24,90921000
177,15113092;4,58723700;-21,27750000
177,23305092;4,58723700;-17,64885000
177,31497092;4,58723700;-14,01715000
177,39689092;4,49903900;-10,38545000
177,47881092;4,49903900;-5,84734600
177,56073092;4,49903900;-1,30924400
177,64265092;4,49903900;3,22885800
177,72457092;4,41053500;7,76696100
177,80649092;4,41053500;12,30506000
177,88841092;4,41053500;15,93676000
177,97033091;4,41053500;20,47487000
178,05225091;4,41053500;25,01297000
178,13417091;4,41053500;29,55107000
178,21609091;4,32233700;32,27637000
178,29801091;4,32233700;34,99863000
178,37993091;4,23413800;37,72087000
178,46185091;4,23413800;40,44313000
178,54377091;4,23413800;41,35258000
178,62569091;4,23413800;41,35258000
178,70761091;4,23413800;41,35258000
178,78953091;4,14594000;40,44313000
178,87145091;4,14594000;39,53673000
178,95337091;4,14594000;36,81448000
179,03529091;4,05774100;33,18277000
179,11721091;4,14594000;29,55107000
179,19913091;4,05774100;25,01297000
179,28105091;4,05774100;19,56541000
179,36297091;4,05774100;15,02731000
179,44489091;4,05774100;10,48921000
179,52681091;4,05774100;5,04165700
179,60873090;4,05774100;1,41605900
179,69065090;3,96954300;-3,12509500
179,77257090;3,96954300;-7,66319800
179,85449090;3,96954300;-10,38545000
179,93641090;3,88103900;-14,92355000
180,01833090;3,88103900;-17,64885000
180,10025090;3,88103900;-21,27750000
180,18217090;3,88103900;-24,90921000
180,26409090;3,88103900;-27,63146000
180,34601090;3,88103900;-29,44731000
180,42793090;3,79284000;-32,17261000
180,50985090;3,79284000;-33,98541000
180,59177090;3,79284000;-35,80126000
180,67369090;3,79284000;-35,80126000
180,75561090;3,70464200;-35,80126000
180,83753090;3,70464200;-35,80126000
180,91945090;3,70464200;-34,89486000
181,00137090;3,70464200;-33,07901000
181,08329090;3,61644300;-31,26316000
181,16521090;3,61644300;-28,54091000
181,24713089;3,61644300;-26,72506000
181,32905089;3,52824500;-24,00281000
181,41097089;3,52824500;-21,27750000
181,49289089;3,52824500;-17,64885000
181,57481089;3,52824500;-14,01715000
181,65673089;3,52824500;-9,47904900
181,73865089;3,44004600;-4,93789500
181,82057089;3,44004600;0,50660720
181,90249089;3,44004600;4,13525800
181,98441089;3,44004600;8,67336000
182,06633089;3,35184800;15,02731000
182,14825089;3,35184800;18,65902000
182,23017089;3,35184800;23,19712000
182,31209089;3,35184800;27,73522000
182,39401089;3,35184800;33,18277000
182,47593089;3,26334400;36,81448000
182,55785089;3,26334400;40,44313000
182,63977089;3,26334400;44,07483000
182,72169089;3,26334400;47,70654000
182,80361089;3,17514600;50,42879000
182,88553088;3,26334400;52,24463000
182,96745088;3,17514600;54,06049000
183,04937088;3,17514600;54,06049000
183,13129088;3,17514600;54,06049000
183,21321088;3,08694700;52,24463000
183,29513088;3,08694700;50,42879000
183,37705088;2,99874900;47,70654000
183,45897088;3,08694700;44,98428000
183,54089088;2,99874900;41,35258000
183,62281088;2,99874900;37,72087000
183,70473088;2,99874900;33,18277000
183,78665088;2,99874900;29,55107000
183,86857088;2,99874900;25,91937000
183,95049088;2,99874900;21,38127000
184,03241088;2,91055000;16,84316000
184,11433088;2,91055000;12,30506000
184,19625088;2,82235200;7,76696100
184,27817088;2,91055000;4,13525800
184,36009088;2,82235200;0,50660720
184,44201088;2,82235200;-4,93789500
184,52393088;2,82235200;-8,56959700
184,60585087;2,82235200;-12,20130000
184,68777087;2,82235200;-15,83300000
184,76969087;2,73384800;-18,55525000
184,85161087;2,73384800;-20,37111000
184,93353087;2,73384800;-24,00281000
185,01545087;2,64565000;-24,90921000
185,09737087;2,64565000;-26,72506000
185,17929087;2,64565000;-27,63146000
185,26121087;2,64565000;-27,63146000
185,34313087;2,64565000;-28,54091000
185,42505087;2,55745100;-28,54091000
185,50697087;2,55745100;-28,54091000
185,58889087;2,55745100;-28,54091000
185,67081087;2,55745100;-27,63146000
185,75273087;2,46925300;-26,72506000
185,83465087;2,46925300;-24,90921000
185,91657087;2,46925300;-23,09336000
185,99849087;2,46925300;-20,37111000
186,08041087;2,46925300;-16,73940000
186,16233087;2,38105400;-13,10770000
186,24425086;2,38105400;-7,66319800
186,32617086;2,38105400;-3,12509500
186,40809086;2,38105400;1,41605900
186,49001086;2,29285600;7,76696100
186,57193086;2,38105400;14,12091000
186,65385086;2,29285600;19,56541000
186,73577086;2,29285600;25,91937000
186,81769086;2,29285600;32,27637000
186,89961086;2,29285600;37,72087000
186,98153086;2,29285600;44,07483000
187,06345086;2,20435200;49,52238000
187,14537086;2,20435200;54,06049000
187,22729086;2,20435200;57,69219000
187,30921086;2,11615300;61,32389000
187,39113086;2,11615300;63,13669000
187,47305086;2,11615300;64,95254000
187,55497086;2,11615300;65,86200000
187,63689086;2,11615300;65,86200000
187,71881086;2,11615300;64,95254000
187,80073086;2,02795500;63,13669000
187,88265085;2,02795500;62,23029000
187,96457085;2,02795500;59,50804000
188,04649085;1,93975600;55,87634000
188,12841085;1,93975600;53,15409000
188,21033085;1,93975600;50,42879000
188,29225085;1,93975600;48,61293000
188,37417085;1,93975600;46,80013000
188,45609085;1,93975600;45,89068000
188,53801085;2,02795500;44,07483000
188,61993085;2,11615300;42,25898000
188,70185085;2,11615300;38,63033000
188,78377085;2,11615300;33,18277000
188,86569085;2,20435200;24,10657000
188,94761085;2,11615300;13,21146000
189,02953085;2,20435200;-0,39979250
189,11145085;2,29285600;-14,92355000
189,19337085;2,29285600;-28,54091000
189,27529085;2,29285600;-40,34242000
189,35721085;2,38105400;-49,41862000
189,43913085;2,38105400;-56,67897000
189,52105084;2,38105400;-61,22013000
189,60297084;2,38105400;-64,84878000
189,68489084;2,38105400;-66,66463000
189,76681084;2,46925300;-67,57408000
189,84873084;2,46925300;-67,57408000
189,93065084;2,46925300;-67,57408000
190,01257084;2,46925300;-66,66463000
190,09449084;2,46925300;-65,75823000
190,17641084;2,46925300;-63,94238000
190,25833084;2,46925300;-63,94238000
190,34025084;2,55745100;-62,12653000
190,42217084;2,55745100;-60,31068000
190,50409084;2,55745100;-57,58842000
190,58601084;2,55745100;-54,86618000
190,66793084;2,64565000;-53,05032000
190,74985084;2,64565000;-50,32502000
190,83177084;2,64565000;-45,78692000
190,91369084;2,64565000;-42,15522000
190,99561084;2,64565000;-37,61712000
191,07753084;2,73384800;-33,07901000
191,15945083;2,73384800;-28,54091000
191,24137083;2,73384800;-22,18696000
191,32329083;2,82235200;-16,73940000
191,40521083;2,82235200;-11,29490000
191,48713083;2,82235200;-5,84734600
191,56905083;2,82235200;-0,39979250
191,65097083;2,91055000;4,13525800
191,73289083;2,91055000;7,76696100
191,81481083;2,91055000;12,30506000
191,89673083;2,91055000;15,93676000
191,97865083;2,91055000;19,56541000
192,06057083;2,99874900;21,38127000
192,14249083;2,99874900;24,10657000
192,22441083;2,99874900;25,91937000
192,30633083;2,99874900;27,73522000
192,38825083;2,99874900;29,55107000
192,47017083;3,08694700;30,46052000
192,55209083;3,08694700;31,36692000
192,63401083;3,08694700;32,27637000
192,71593083;3,08694700;32,27637000
192,79785082;3,08694700;31,36692000
192,87977082;3,17514600;30,46052000
192,96169082;3,17514600;28,64467000
193,04361082;3,17514600;25,91937000
193,12553082;3,17514600;22,29072000
193,20745082;3,17514600;16,84316000
193,28937082;3,26334400;11,39561000
193,37129082;3,26334400;6,85750900
193,45321082;3,26334400;0,50660720
193,53513082;3,35184800;-5,84734600
193,61705082;3,35184800;-11,29490000
193,69897082;3,35184800;-17,64885000
193,78089082;3,35184800;-23,09336000
193,86281082;3,35184800;-29,44731000
193,94473082;3,35184800;-34,89486000
194,02665082;3,44004600;-39,43297000
194,10857082;3,44004600;-43,97107000
194,19049082;3,44004600;-48,50917000
194,27241082;3,44004600;-50,32502000
194,35433082;3,52824500;-53,95673000
194,43625081;3,52824500;-54,86618000
194,51817081;3,52824500;-56,67897000
194,60009081;3,52824500;-56,67897000
194,68201081;3,61644300;-56,67897000
194,76393081;3,61644300;-56,67897000
194,84585081;3,61644300;-54,86618000
194,92777081;3,61644300;-53,95673000
195,00969081;3,70464200;-52,14087000
195,09161081;3,70464200;-50,32502000
195,17353081;3,70464200;-48,50917000
195,25545081;3,70464200;-45,78692000
195,33737081;3,70464200;-42,15522000
195,41929081;3,79284000;-37,61712000
195,50121081;3,79284000;-33,98541000
195,58313081;3,88103900;-28,54091000
195,66505081;3,88103900;-23,09336000
195,74697081;3,88103900;-17,64885000
195,82889081;3,88103900;-13,10770000
195,91081081;3,88103900;-7,66319800
195,99273081;3,88103900;-2,21564400
196,07465080;3,96954300;3,22885800
196,15657080;3,96954300;7,76696100
196,23849080;3,96954300;12,30506000
196,32041080;4,05774100;16,84316000
196,40233080;4,05774100;21,38127000
196,48425080;4,05774100;25,91937000
196,56617080;4,05774100;30,46052000
196,64809080;4,05774100;34,08918000
196,73001080;4,05774100;37,72087000
196,81193080;4,05774100;40,44313000
196,89385080;4,05774100;43,16843000
196,97577080;4,14594000;44,98428000
197,05769080;4,14594000;44,98428000
197,13961080;4,14594000;44,98428000
197,22153080;4,23413800;44,07483000
197,30345080;4,23413800;41,35258000
197,38537080;4,23413800;37,72087000
197,46729080;4,23413800;34,08918000
197,54921080;4,23413800;29,55107000
197,63113080;4,32233700;24,10657000
197,71305079;4,32233700;18,65902000
197,79497079;4,32233700;12,30506000
197,87689079;4,41053500;5,95110900
197,95881079;4,41053500;0,50660720
198,04073079;4,41053500;-6,75374600
198,12265079;4,41053500;-13,10770000
198,20457079;4,41053500;-18,55525000
198,28649079;4,49903900;-24,00281000
198,36841079;4,49903900;-28,54091000
198,45033079;4,49903900;-33,98541000
198,53225079;4,49903900;-37,61712000
198,61417079;4,58723700;-39,43297000
198,69609079;4,58723700;-42,15522000
198,77801079;4,58723700;-43,97107000
198,85993079;4,58723700;-44,88052000
198,94185079;4,58723700;-46,69637000
199,02377079;4,58723700;-45,78692000
199,10569079;4,58723700;-45,78692000
199,18761079;4,67543600;-45,78692000
199,26953079;4,76363400;-45,78692000
199,35145078;4,76363400;-44,88052000
199,43337078;4,76363400;-43,06467000
199,51529078;4,76363400;-42,15522000
199,59721078;4,76363400;-39,43297000
199,67913078;4,76363400;-36,71072000
199,76105078;4,85183300;-33,98541000
199,84297078;4,85183300;-30,35676000
199,92489078;4,85183300;-26,72506000
200,00681078;4,85183300;-21,27750000
200,08873078;4,94003100;-16,73940000
